00004 00000 00004 00255 00000 00004 00000 10270
00004 00000 00004 00255 00000 00004 00000 10146
00004 00000 00004 00255 00000 00004 00000 10002
00004 00000 00004 00255 00000 00004 00000 09877
00004 00000 00004 00255 00000 00004 00000 09743
00004 00000 00004 00255 00000 00004 00000 09608
00004 00000 00004 00255 00000 00004 00000 09474
00004 00000 00004 00255 00000 00004 00000 09330
00004 00000 00004 00255 00000 00004 00000 09205
00004 00000 00004 00255 00000 00004 00000 09061
00004 00000 00004 00255 00000 00004 00000 08936
00004 00000 00004 00255 00000 00004 00000 08792
00004 00000 00004 00255 00000 00004 00000 08668
00004 00000 00004 00255 00000 00004 00000 08533
00004 00000 00004 00255 00000 00004 00000 08399
00004 00000 00004 00255 00000 00004 00000 08264
00004 00000 00004 00255 00000 00004 00000 08120
00004 00000 00004 00255 00000 00004 00000 07996
00004 00000 00004 00255 00000 00004 00000 07851
00004 00000 00004 00255 00000 00004 00000 07727
00004 00000 00004 00255 00000 00004 00000 07592
00004 00000 00004 00255 00000 00004 00000 07458
00004 00000 00004 00255 00000 00004 00000 07323
00004 00000 00004 00255 00000 00004 00000 07189
00004 00000 00004 00255 00000 00004 00000 07055
00004 00000 00004 00255 00000 00004 00000 06910
00004 00000 00004 00255 00000 00004 00000 06786
00004 00000 00004 00255 00000 00004 00000 06641
00004 00000 00004 00255 00000 00004 00000 06517
00004 00000 00004 00255 00000 00004 00000 06383
00004 00000 00004 00255 00000 00004 00000 06248
00004 00000 00004 00255 00000 00004 00000 06114
00004 00000 00004 00255 00000 00004 00000 05979
00004 00000 00004 00255 00000 00004 00000 05845
00004 00000 00004 00255 00000 00004 00000 05701
00004 00000 00004 00255 00000 00004 00000 05576
00004 00000 00004 00255 00000 00004 00000 05432
00004 00000 00004 00255 00000 00004 00000 05307
00004 00000 00004 00255 00000 00004 00000 05173
00004 00000 00004 00255 00000 00004 00000 05039
00004 00000 00004 00255 00000 00004 00000 04804
00004 00000 00004 00255 00000 00004 00000 04760
00004 00000 00004 00255 00000 00004 00000 04635
00004 00000 00004 00255 00000 00004 00000 04491
00004 00000 00004 00255 00000 00004 00000 04367
00004 00000 00004 00255 00000 00004 00000 04222
00004 00000 00004 00255 00000 00004 00000 04098
00004 00000 00004 00255 00000 00004 00000 03963
00004 00000 00004 00255 00000 00004 00000 03829
00004 00000 00004 00255 00000 00004 00000 03695
00004 00000 00004 00255 00000 00004 00000 03550
00004 00000 00004 00255 00000 00004 00000 03426
00004 00000 00004 00255 00000 00004 00000 03281
00004 00000 00004 00255 00000 00004 00000 03157
00004 00000 00004 00255 00000 00004 00000 03023
00004 00000 00004 00255 00000 00004 00000 02888
00004 00000 00004 00255 00000 00004 00000 02754
00004 00000 00004 00255 00000 00004 00000 02619
00004 00000 00004 00255 00000 00004 00000 02485
00004 00000 00004 00255 00000 00004 00000 02341
00004 00000 00004 00255 00000 00004 00000 02216
00004 00000 00004 00255 00000 00004 00000 02072
00004 00000 00004 00255 00000 00004 00000 01947
00004 00000 00004 00255 00000 00004 00000 01813
00004 00000 00004 00255 00000 00004 00000 01679
00004 00000 00004 00255 00000 00004 00000 01544
00004 00000 00004 00255 00000 00004 00000 01400
00004 00000 00004 00255 00000 00004 00000 01275
00004 00000 00004 00255 00000 00004 00000 01131
00004 00000 00004 00255 00000 00004 00000 00007
00004 00000 00004 00255 00000 00004 00000 00862
00004 00000 00004 00255 00000 00004 00000 00738
00004 00000 00004 00255 00000 00004 00000 00503
00004 00000 00004 00255 00000 00004 00000 00469
00004 00000 00004 00255 00000 00004 00000 00335
00004 00002 00004 00149 00000 00003 00000 00190
00004 00004 00004 00112 00000 00000 00000 00116
00004 00004 00004 00112 00000 00000 00000 00112
00004 00004 00004 00112 00000 00000 00000 00112
00004 00004 00004 00112 00000 00000 00000 00112
00004 00004 00004 00111 00000 00000 00000 00111
00004 00004 00004 00112 00000 00000 00000 00112
00004 00004 00004 00111 00000 00000 00000 00112
00004 00004 00004 00112 00000 00000 00000 00112
00004 00004 00004 00112 00000 00000 00000 00112
00004 00004 00004 00112 00000 00000 00000 00112
00004 00004 00004 00112 00000 00000 00000 00112
00004 00004 00004 00112 00000 00000 00000 00112
00004 00004 00004 00112 00000 00000 00000 00112
00004 00004 00004 00111 00000 00000 00000 00112
00004 00004 00004 00112 00000 00000 00000 00112
00004 00004 00004 00112 00000 00000 00000 00112
00004 00004 00004 00112 00000 00000 00000 00112
00004 00004 00004 00112 00000 00000 00000 00111
00004 00004 00004 00112 00000 00000 00000 00111
00004 00004 00004 00112 00000 00000 00000 00112
00004 00004 00004 00112 00000 00000 00000 00111
00004 00004 00004 00112 00000 00000 00000 00112
00004 00004 00004 00111 00000 00000 00000 00112
00004 00004 00004 00112 00000 00000 00000 00112
00004 00004 00004 00112 00000 00000 00000 00112
00004 00004 00004 00112 00000 00000 00000 00112
00004 00004 00004 00112 00000 00000 00000 00111
00004 00004 00004 00112 00000 00000 00000 00111
00004 00004 00004 00112 00000 00000 00000 00111
00004 00004 00004 00112 00000 00000 00000 00112
00004 00005 00004 00111 00000 00000 00000 00112
00004 00004 00004 00112 00000 00000 00000 00112
00004 00004 00004 00112 00000 00000 00000 00112
00004 00004 00004 00112 00000 00000 00000 00112
00004 00004 00004 00112 00000 00000 00000 00111
00004 00004 00004 00112 00000 00000 00000 00112
00004 00004 00004 00112 00000 00000 00000 00112
00004 00004 00004 00112 00000 00000 00000 00112
00004 00004 00004 00112 00000 00000 00000 00112
00004 00004 00004 00112 00000 00000 00000 00112
00004 00004 00004 00111 00000 00000 00000 00112
00004 00004 00004 00112 00000 00000 00000 00111
00004 00004 00004 00112 00000 00000 00000 00112
00004 00004 00004 00112 00000 00000 00000 00111
00004 00004 00004 00112 00000 00000 00000 00112
00004 00004 00004 00111 00000 00000 00000 00112
00004 00004 00004 00111 00000 00000 00000 00112
00004 00004 00004 00112 00000 00000 00000 00112
00004 00004 00004 00111 00000 00000 00000 00112
00004 00004 00004 00112 00000 00000 00000 00111
00004 00004 00004 00112 00000 00000 00000 00112
00004 00004 00004 00112 00000 00000 00000 00111
00004 00004 00004 00112 00000 00000 00000 00111
00004 00004 00004 00112 00000 00000 00000 00112
00004 00004 00004 00111 00000 00000 00000 00112
00004 00004 00004 00112 00000 00000 00000 00112
00004 00004 00004 00111 00000 00000 00000 00112
00004 00004 00004 00112 00000 00000 00000 00112
00004 00004 00004 00112 00000 00000 00000 00112
00004 00004 00004 00112 00000 00000 00000 00112
00004 00004 00004 00112 00000 00000 00000 00112
00004 00004 00004 00111 00000 00000 00000 00111
00004 00004 00004 00112 00000 00000 00000 00112
00004 00004 00004 00112 00000 00000 00000 00112
