00034 00000 00034 00255 00000 00034 00000 34463
00034 00000 00034 00255 00000 00034 00000 33320
00034 00000 00034 00255 00000 00034 00000 32188
00034 00000 00034 00255 00000 00034 00000 30045
00034 00000 00034 00255 00000 00034 00000 29893
00034 00000 00034 00255 00000 00034 00000 28750
00034 00000 00034 00255 00000 00034 00000 27518
00034 00000 00034 00255 00000 00034 00000 26476
00034 00000 00034 00255 00000 00034 00000 25323
00034 00000 00034 00255 00000 00034 00000 24181
00034 00000 00034 00255 00000 00034 00000 22048
00034 00000 00034 00255 00000 00034 00000 21806
00034 00000 00034 00255 00000 00034 00000 20763
00034 00000 00034 00255 00000 00034 00000 19511
00034 00000 00034 00255 00000 00034 00000 18479
00034 00000 00034 00255 00000 00034 00000 17336
00034 00000 00034 00255 00000 00034 00000 16194
00034 00000 00034 00255 00000 00034 00000 15041
00034 00000 00034 00255 00000 00034 00000 13809
00034 00000 00034 00255 00000 00034 00000 12766
00034 00000 00034 00255 00000 00034 00000 11524
00034 00000 00034 00255 00000 00034 00000 10472
00034 00000 00034 00255 00000 00034 00000 09339
00034 00000 00034 00255 00000 00034 00000 08197
00034 00000 00034 00255 00000 00034 00000 07054
00034 00000 00034 00255 00000 00034 00000 05802
00034 00000 00034 00255 00000 00034 00000 04769
00034 00000 00034 00255 00000 00034 00000 03527
00034 00000 00034 00255 00000 00034 00000 02485
00034 00000 00034 00255 00000 00034 00000 01332
00034 00000 00034 00255 00000 00034 00000 00190
00034 00000 00034 00255 00000 00034 00000 64583
00034 00000 00034 00255 00000 00034 00000 63441
00034 00000 00034 00255 00000 00034 00000 62208
00034 00000 00034 00255 00000 00034 00000 61166
00034 00000 00034 00255 00000 00034 00000 59924
00034 00000 00034 00255 00000 00034 00000 58871
00034 00000 00034 00255 00000 00034 00000 57739
00034 00000 00034 00255 00000 00034 00000 56596
00034 00000 00034 00255 00000 00034 00000 55454
00034 00000 00034 00255 00000 00034 00000 54201
00034 00000 00034 00255 00000 00034 00000 53169
00034 00000 00034 00255 00000 00034 00000 51927
00034 00000 00034 00255 00000 00034 00000 50884
00034 00000 00034 00255 00000 00034 00000 49732
00034 00000 00034 00255 00000 00034 00000 48599
00034 00000 00034 00255 00000 00034 00000 47457
00034 00000 00034 00255 00000 00034 00000 46214
00034 00000 00034 00255 00000 00034 00000 45162
00034 00000 00034 00255 00000 00034 00000 43029
00034 00000 00034 00255 00000 00034 00000 42887
00034 00000 00034 00255 00000 00034 00000 41745
00034 00000 00034 00255 00000 00034 00000 40592
00034 00000 00034 00255 00000 00034 00000 39450
00034 00000 00034 00255 00000 00034 00000 38217
00034 00000 00034 00255 00000 00034 00000 37175
00034 00000 00034 00255 00000 00034 00000 35022
00034 00000 00034 00255 00000 00034 00000 34880
00034 00000 00034 00255 00000 00034 00000 33748
00034 00000 00034 00255 00000 00034 00000 32505
00034 00000 00034 00255 00000 00034 00000 31453
00034 00000 00034 00255 00000 00034 00000 30210
00034 00000 00034 00255 00000 00034 00000 29178
00034 00000 00034 00255 00000 00034 00000 27035
00034 00000 00034 00255 00000 00034 00000 26883
00034 00000 00034 00255 00000 00034 00000 25741
00034 00000 00034 00255 00000 00034 00000 24508
00034 00000 00034 00255 00000 00034 00000 23466
00034 00000 00034 00255 00000 00034 00000 22213
00034 00000 00034 00255 00000 00034 00000 21171
00034 00000 00034 00255 00000 00034 00000 19038
00034 00000 00034 00255 00000 00034 00000 18896
00034 00000 00034 00255 00000 00034 00000 17754
00034 00000 00034 00255 00000 00034 00000 16501
00034 00000 00034 00255 00000 00034 00000 15469
00034 00000 00034 00255 00000 00034 00000 14226
00034 00000 00034 00255 00000 00034 00000 13184
00034 00000 00034 00255 00000 00034 00000 11031
00034 00000 00034 00255 00000 00034 00000 10899
00034 00000 00034 00255 00000 00034 00000 09757
00034 00000 00034 00255 00000 00034 00000 08514
00034 00000 00034 00255 00000 00034 00000 07462
00034 00000 00034 00255 00000 00034 00000 06329
00034 00000 00034 00255 00000 00034 00000 05187
00034 00000 00034 00255 00000 00034 00000 03044
00034 00001 00034 00255 00000 00033 00000 02892
00034 00005 00034 00255 00000 00031 00000 01780
00034 00018 00034 00255 00000 00024 00000 00782
00034 00034 00034 00091 00000 00002 00000 00134
00034 00034 00034 00091 00000 00000 00000 00090
00034 00034 00034 00090 00000 00000 00000 00091
00034 00034 00034 00091 00000 00000 00000 00092
00034 00034 00034 00091 00000 00000 00000 00092
00034 00034 00034 00091 00000 00001 00000 00091
00034 00034 00034 00091 00000 00000 00000 00091
00034 00034 00034 00092 00000 00000 00000 00091
00034 00034 00034 00091 00000 00000 00000 00090
00034 00034 00034 00091 00000 00000 00000 00091
00034 00034 00034 00091 00000 00000 00000 00091
00034 00034 00034 00091 00000 00000 00000 00091
00034 00034 00034 00091 00000 00000 00000 00091
00034 00034 00034 00091 00000 00000 00000 00091
00034 00036 00034 00091 00000 00000 00000 00091
00034 00034 00034 00091 00000 00000 00000 00091
00034 00034 00034 00091 00000 00000 00000 00091
00034 00034 00034 00091 00000 00000 00000 00091
00034 00034 00034 00091 00000 00000 00000 00091
00034 00034 00034 00090 00000 00000 00000 00091
00034 00034 00034 00091 00000 00000 00000 00091
00034 00034 00034 00091 00000 00000 00000 00091
00034 00034 00034 00091 00000 00000 00000 00091
00034 00034 00034 00091 00000 00000 00000 00091
00034 00034 00034 00091 00000 00000 00000 00091
00034 00034 00034 00091 00000 00000 00000 00091
00034 00034 00034 00091 00000 00000 00000 00091
00034 00034 00034 00091 00000 00000 00000 00091
00034 00034 00034 00091 00000 00000 00000 00091
00034 00034 00034 00091 00000 00000 00000 00091
00034 00034 00034 00090 00000 00000 00000 00091
00034 00034 00034 00091 00000 00000 00000 00091
00034 00034 00034 00091 00000 00000 00000 00091
00034 00034 00034 00091 00000 00000 00000 00091
00034 00034 00034 00091 00000 00000 00000 00091
00034 00034 00034 00091 00000 00000 00000 00091
00034 00035 00034 00091 00000 00000 00000 00091
00034 00034 00034 00090 00000 00000 00000 00091
00034 00034 00034 00091 00000 00001 00000 00091
00034 00034 00034 00091 00000 00000 00000 00091
00034 00034 00034 00091 00000 00000 00000 00091
00034 00034 00034 00091 00000 00000 00000 00091
00034 00034 00034 00091 00000 00000 00000 00091
00034 00034 00034 00091 00000 00000 00000 00091
00034 00034 00034 00091 00000 00000 00000 00091
00034 00034 00034 00091 00000 00000 00000 00091
00034 00034 00034 00091 00000 00000 00000 00091
00034 00034 00034 00092 00000 00000 00000 00091
00034 00034 00034 00092 00000 00000 00000 00091
00034 00034 00034 00091 00000 00000 00000 00091
00034 00034 00034 00091 00000 00000 00000 00091
00034 00034 00034 00090 00000 00000 00000 00091
00034 00034 00034 00091 00000 00000 00000 00092
00034 00034 00034 00091 00000 00000 00000 00091
00034 00034 00034 00091 00000 00000 00000 00091
00034 00033 00034 00091 00000 00000 00000 00091
00034 00034 00034 00091 00000 00000 00000 00090
00034 00034 00034 00091 00000 00000 00000 00091
00034 00034 00034 00091 00000 00000 00000 00091
00034 00034 00034 00091 00000 00000 00000 00091
00034 00034 00034 00091 00000 00000 00000 00091
