00024 00000 00024 00255 00000 00024 00000 10257
00024 00000 00024 00255 00000 00024 00000 09441
00024 00000 00024 00255 00000 00024 00000 08634
00024 00000 00024 00255 00000 00024 00000 07838
00024 00000 00024 00255 00000 00024 00000 06022
00024 00000 00024 00255 00000 00024 00000 06215
00024 00000 00024 00255 00000 00024 00000 05319
00024 00000 00024 00255 00000 00024 00000 04502
00024 00000 00024 00255 00000 00024 00000 03796
00024 00000 00024 00255 00000 00024 00000 02999
00024 00000 00024 00255 00000 00024 00000 02183
00024 00000 00024 00255 00000 00024 00000 01387
00024 00000 00024 00255 00000 00024 00000 00570
00024 00000 00024 00255 00000 00024 00000 65200
00024 00000 00024 00255 00000 00024 00000 64493
00024 00000 00024 00255 00000 00024 00000 63697
00024 00000 00024 00255 00000 00024 00000 62880
00024 00000 00024 00255 00000 00024 00000 62074
00024 00000 00024 00255 00000 00024 00000 61278
00024 00000 00024 00255 00000 00024 00000 60461
00024 00000 00024 00255 00000 00024 00000 59655
00024 00000 00024 00255 00000 00024 00000 58858
00024 00000 00024 00255 00000 00024 00000 58042
00024 00000 00024 00255 00000 00024 00000 57236
00024 00000 00024 00255 00000 00024 00000 56439
00024 00000 00024 00255 00000 00024 00000 55623
00024 00000 00024 00255 00000 00024 00000 54816
00024 00000 00024 00255 00000 00024 00000 53910
00024 00000 00024 00255 00000 00024 00000 53103
00024 00000 00024 00255 00000 00024 00000 52307
00024 00000 00024 00255 00000 00024 00000 51591
00024 00000 00024 00255 00000 00024 00000 50784
00024 00000 00024 00255 00000 00024 00000 49988
00024 00000 00024 00255 00000 00024 00000 49171
00024 00000 00024 00255 00000 00024 00000 48365
00024 00000 00024 00255 00000 00024 00000 47568
00024 00000 00024 00255 00000 00024 00000 46752
00024 00000 00024 00255 00000 00024 00000 45946
00024 00000 00024 00255 00000 00024 00000 45149
00024 00000 00024 00255 00000 00024 00000 44333
00024 00000 00024 00255 00000 00024 00000 43536
00024 00000 00024 00255 00000 00024 00000 42720
00024 00000 00024 00255 00000 00024 00000 41913
00024 00000 00024 00255 00000 00024 00000 41017
00024 00000 00024 00255 00000 00024 00000 40201
00024 00000 00024 00255 00000 00024 00000 39494
00024 00000 00024 00255 00000 00024 00000 38698
00024 00000 00024 00255 00000 00024 00000 37881
00024 00000 00024 00255 00000 00024 00000 37075
00024 00000 00024 00255 00000 00024 00000 36279
00024 00000 00024 00255 00000 00024 00000 35462
00024 00000 00024 00255 00000 00024 00000 34656
00024 00000 00024 00255 00000 00024 00000 33859
00024 00000 00024 00255 00000 00024 00000 33043
00024 00000 00024 00255 00000 00024 00000 32246
00024 00000 00024 00255 00000 00024 00000 31430
00024 00000 00024 00255 00000 00024 00000 30624
00024 00000 00024 00255 00000 00024 00000 29827
00024 00000 00024 00255 00000 00024 00000 28911
00024 00000 00024 00255 00000 00024 00000 28104
00024 00000 00024 00255 00000 00024 00000 27308
00024 00000 00024 00255 00000 00024 00000 26591
00024 00000 00024 00255 00000 00024 00000 25785
00024 00000 00024 00255 00000 00024 00000 24989
00024 00000 00024 00255 00000 00024 00000 24172
00024 00000 00024 00255 00000 00024 00000 23366
00024 00000 00024 00255 00000 00024 00000 22569
00024 00000 00024 00255 00000 00024 00000 21753
00024 00000 00024 00255 00000 00024 00000 20956
00024 00000 00024 00255 00000 00024 00000 20140
00024 00000 00024 00255 00000 00024 00000 19334
00024 00000 00024 00255 00000 00024 00000 18537
00024 00000 00024 00255 00000 00024 00000 17721
00024 00000 00024 00255 00000 00024 00000 16914
00024 00000 00024 00255 00000 00024 00000 16018
00024 00000 00024 00255 00000 00024 00000 15202
00024 00000 00024 00255 00000 00024 00000 14495
00024 00000 00024 00255 00000 00024 00000 13699
00024 00000 00024 00255 00000 00024 00000 12882
00024 00000 00024 00255 00000 00024 00000 12076
00024 00000 00024 00255 00000 00024 00000 11279
00024 00000 00024 00255 00000 00024 00000 10463
00024 00000 00024 00255 00000 00024 00000 09667
00024 00000 00024 00255 00000 00024 00000 08850
00024 00000 00024 00255 00000 00024 00000 08044
00024 00000 00024 00255 00000 00024 00000 07247
00024 00000 00024 00255 00000 00024 00000 06431
00024 00000 00024 00255 00000 00024 00000 05624
00024 00000 00024 00255 00000 00024 00000 04828
00024 00000 00024 00255 00000 00024 00000 03912
00024 00000 00024 00255 00000 00024 00000 03105
00024 00000 00024 00255 00000 00024 00000 02309
00024 00002 00024 00255 00000 00023 00000 01594
00024 00008 00024 00255 00000 00020 00000 00848
00024 00024 00024 00098 00000 00009 00000 00242
00024 00024 00024 00085 00000 00000 00000 00084
00024 00024 00024 00085 00000 00000 00000 00085
00024 00024 00024 00085 00000 00000 00000 00085
00024 00024 00024 00084 00000 00000 00000 00085
00024 00024 00024 00084 00000 00000 00000 00085
00024 00024 00024 00085 00000 00000 00000 00085
00024 00024 00024 00085 00000 00000 00000 00084
00024 00023 00024 00085 00000 00000 00000 00085
00024 00024 00024 00085 00000 00000 00000 00084
00024 00024 00024 00085 00000 00000 00000 00085
00024 00024 00024 00084 00000 00000 00000 00085
00024 00024 00024 00084 00000 00000 00000 00085
00024 00024 00024 00084 00000 00000 00000 00085
00024 00024 00024 00085 00000 00000 00000 00085
00024 00024 00024 00085 00000 00000 00000 00085
00024 00024 00024 00085 00000 00000 00000 00085
00024 00024 00024 00085 00000 00000 00000 00084
00024 00024 00024 00085 00000 00000 00000 00084
00024 00024 00024 00085 00000 00000 00000 00085
00024 00024 00024 00084 00000 00000 00000 00085
00024 00024 00024 00084 00000 00001 00000 00085
00024 00024 00024 00084 00000 00000 00000 00085
00024 00024 00024 00085 00000 00000 00000 00085
00024 00024 00024 00085 00000 00000 00000 00084
00024 00024 00024 00085 00000 00000 00000 00084
00024 00024 00024 00085 00000 00000 00000 00084
00024 00024 00024 00085 00000 00000 00000 00085
00024 00024 00024 00084 00000 00000 00000 00085
00024 00024 00024 00084 00000 00000 00000 00085
00024 00024 00024 00084 00000 00000 00000 00085
00024 00024 00024 00085 00000 00000 00000 00085
00024 00024 00024 00085 00000 00000 00000 00085
00024 00024 00024 00085 00000 00000 00000 00084
00024 00024 00024 00085 00000 00000 00000 00084
00024 00024 00024 00085 00000 00000 00000 00084
00024 00024 00024 00084 00000 00000 00000 00085
00024 00024 00024 00084 00000 00000 00000 00085
00024 00024 00024 00084 00000 00000 00000 00085
00024 00024 00024 00085 00000 00000 00000 00085
00024 00024 00024 00085 00000 00000 00000 00085
00024 00024 00024 00085 00000 00000 00000 00084
00024 00024 00024 00085 00000 00000 00000 00084
00024 00024 00024 00085 00000 00000 00000 00084
00024 00024 00024 00084 00000 00000 00000 00085
00024 00024 00024 00085 00000 00000 00000 00085
00024 00024 00024 00084 00000 00000 00000 00085
00024 00024 00024 00085 00000 00000 00000 00085
00024 00024 00024 00085 00000 00000 00000 00085
00024 00024 00024 00085 00000 00000 00000 00084
00024 00024 00024 00085 00000 00000 00000 00084
00024 00024 00024 00085 00000 00000 00000 00085
