00014 00000 00014 00255 00000 00014 00000 41493
00014 00000 00014 00255 00000 00014 00000 41023
00014 00000 00014 00255 00000 00014 00000 40553
00014 00000 00014 00255 00000 00014 00000 40082
00014 00000 00014 00255 00000 00014 00000 39612
00014 00000 00014 00255 00000 00014 00000 39141
00014 00000 00014 00255 00000 00014 00000 38671
00014 00000 00014 00255 00000 00014 00000 38100
00014 00000 00014 00255 00000 00014 00000 37730
00014 00000 00014 00255 00000 00014 00000 37260
00014 00000 00014 00255 00000 00014 00000 36789
00014 00000 00014 00255 00000 00014 00000 36319
00014 00000 00014 00255 00000 00014 00000 35848
00014 00000 00014 00255 00000 00014 00000 35378
00014 00000 00014 00255 00000 00014 00000 34808
00014 00000 00014 00255 00000 00014 00000 34437
00014 00000 00014 00255 00000 00014 00000 33967
00014 00000 00014 00255 00000 00014 00000 33496
00014 00000 00014 00255 00000 00014 00000 33026
00014 00000 00014 00255 00000 00014 00000 32556
00014 00000 00014 00255 00000 00014 00000 32085
00014 00000 00014 00255 00000 00014 00000 31615
00014 00000 00014 00255 00000 00014 00000 31144
00014 00000 00014 00255 00000 00014 00000 30674
00014 00000 00014 00255 00000 00014 00000 30103
00014 00000 00014 00255 00000 00014 00000 29733
00014 00000 00014 00255 00000 00014 00000 29263
00014 00000 00014 00255 00000 00014 00000 28792
00014 00000 00014 00255 00000 00014 00000 28322
00014 00000 00014 00255 00000 00014 00000 27851
00014 00000 00014 00255 00000 00014 00000 27381
00014 00000 00014 00255 00000 00014 00000 26911
00014 00000 00014 00255 00000 00014 00000 26440
00014 00000 00014 00255 00000 00014 00000 25970
00014 00000 00014 00255 00000 00014 00000 25409
00014 00000 00014 00255 00000 00014 00000 25029
00014 00000 00014 00255 00000 00014 00000 24559
00014 00000 00014 00255 00000 00014 00000 24088
00014 00000 00014 00255 00000 00014 00000 23618
00014 00000 00014 00255 00000 00014 00000 23147
00014 00000 00014 00255 00000 00014 00000 22677
00014 00000 00014 00255 00000 00014 00000 22106
00014 00000 00014 00255 00000 00014 00000 21736
00014 00000 00014 00255 00000 00014 00000 21266
00014 00000 00014 00255 00000 00014 00000 20795
00014 00000 00014 00255 00000 00014 00000 20325
00014 00000 00014 00255 00000 00014 00000 19854
00014 00000 00014 00255 00000 00014 00000 19384
00014 00000 00014 00255 00000 00014 00000 18914
00014 00000 00014 00255 00000 00014 00000 18443
00014 00000 00014 00255 00000 00014 00000 17973
00014 00000 00014 00255 00000 00014 00000 17402
00014 00000 00014 00255 00000 00014 00000 17032
00014 00000 00014 00255 00000 00014 00000 16561
00014 00000 00014 00255 00000 00014 00000 16091
00014 00000 00014 00255 00000 00014 00000 15621
00014 00000 00014 00255 00000 00014 00000 15150
00014 00000 00014 00255 00000 00014 00000 14680
00014 00000 00014 00255 00000 00014 00000 14219
00014 00000 00014 00255 00000 00014 00000 13739
00014 00000 00014 00255 00000 00014 00000 13269
00014 00000 00014 00255 00000 00014 00000 12798
00014 00000 00014 00255 00000 00014 00000 12328
00014 00000 00014 00255 00000 00014 00000 11857
00014 00000 00014 00255 00000 00014 00000 11387
00014 00000 00014 00255 00000 00014 00000 10917
00014 00000 00014 00255 00000 00014 00000 10446
00014 00000 00014 00255 00000 00014 00000 09976
00014 00000 00014 00255 00000 00014 00000 09405
00014 00000 00014 00255 00000 00014 00000 09035
00014 00000 00014 00255 00000 00014 00000 08564
00014 00000 00014 00255 00000 00014 00000 08094
00014 00000 00014 00255 00000 00014 00000 07624
00014 00000 00014 00255 00000 00014 00000 07153
00014 00000 00014 00255 00000 00014 00000 06683
00014 00000 00014 00255 00000 00014 00000 06212
00014 00000 00014 00255 00000 00014 00000 05742
00014 00000 00014 00255 00000 00014 00000 05272
00014 00000 00014 00255 00000 00014 00000 04701
00014 00000 00014 00255 00000 00014 00000 04331
00014 00000 00014 00255 00000 00014 00000 03860
00014 00000 00014 00255 00000 00014 00000 03390
00014 00000 00014 00255 00000 00014 00000 02920
00014 00000 00014 00255 00000 00014 00000 02449
00014 00000 00014 00255 00000 00014 00000 01979
00014 00000 00014 00255 00000 00014 00000 01408
00014 00001 00014 00255 00000 00014 00000 01038
00014 00004 00014 00255 00000 00012 00000 00584
00014 00014 00014 00113 00000 00006 00000 00210
00014 00014 00014 00100 00000 00000 00000 00100
00014 00014 00014 00100 00000 00000 00000 00100
00014 00014 00014 00100 00000 00000 00000 00100
00014 00014 00014 00100 00000 00000 00000 00100
00014 00014 00014 00100 00000 00000 00000 00100
00014 00014 00014 00100 00000 00000 00000 00100
00014 00014 00014 00100 00000 00000 00000 00100
00014 00014 00014 00100 00000 00000 00000 00100
00014 00014 00014 00100 00000 00000 00000 00100
00014 00014 00014 00100 00000 00000 00000 00100
00014 00014 00014 00100 00000 00000 00000 00100
00014 00014 00014 00100 00000 00000 00000 00100
00014 00014 00014 00100 00000 00000 00000 00100
00014 00014 00014 00100 00000 00001 00000 00100
00014 00014 00014 00100 00000 00000 00000 00100
00014 00014 00014 00100 00000 00000 00000 00100
00014 00014 00014 00100 00000 00000 00000 00100
00014 00014 00014 00100 00000 00000 00000 00000
00014 00014 00014 00100 00000 00000 00000 00100
00014 00014 00014 00100 00000 00000 00000 00100
00014 00014 00014 00100 00000 00000 00000 00100
00014 00014 00014 00100 00000 00000 00000 00100
00014 00014 00014 00100 00000 00000 00000 00100
00014 00014 00014 00100 00000 00000 00000 00100
00014 00014 00014 00100 00000 00000 00000 00109
00014 00014 00014 00100 00000 00000 00000 00100
00014 00014 00014 00100 00000 00000 00000 00100
00014 00014 00014 00100 00000 00000 00000 00100
00014 00014 00014 00100 00000 00000 00000 00100
00014 00014 00014 00100 00000 00000 00000 00100
00014 00014 00014 00100 00000 00000 00000 00100
00014 00014 00014 00100 00000 00000 00000 00100
00014 00014 00014 00100 00000 00000 00000 00100
00014 00014 00014 00100 00000 00000 00000 00100
00014 00014 00014 00100 00000 00000 00000 00100
00014 00014 00014 00100 00000 00000 00000 00100
00014 00014 00014 00100 00000 00000 00000 00100
00014 00014 00014 00100 00000 00000 00000 00100
00014 00014 00014 00100 00000 00000 00000 00100
00014 00014 00014 00100 00000 00000 00000 00100
00014 00014 00014 00100 00000 00000 00000 00100
00014 00014 00014 00100 00000 00000 00000 00100
00014 00014 00014 00100 00000 00000 00000 00100
