00029 00000 00029 00255 00000 00029 00000 11130
00029 00000 00029 00255 00000 00029 00000 10156
00029 00000 00029 00255 00000 00029 00000 09181
00029 00000 00029 00255 00000 00029 00000 08107
00029 00000 00029 00255 00000 00029 00000 07232
00029 00000 00029 00255 00000 00029 00000 06258
00029 00000 00029 00255 00000 00029 00000 05284
00029 00000 00029 00255 00000 00029 00000 04209
00029 00000 00029 00255 00000 00029 00000 03335
00029 00000 00029 00255 00000 00029 00000 02360
00029 00000 00029 00255 00000 00029 00000 01386
00029 00000 00029 00255 00000 00029 00000 00311
00029 00000 00029 00255 00000 00029 00000 64973
00029 00000 00029 00255 00000 00029 00000 63999
00029 00000 00029 00255 00000 00029 00000 62024
00029 00000 00029 00255 00000 00029 00000 62040
00029 00000 00029 00255 00000 00029 00000 61075
00029 00000 00029 00255 00000 00029 00000 60001
00029 00000 00029 00255 00000 00029 00000 59126
00029 00000 00029 00255 00000 00029 00000 58152
00029 00000 00029 00255 00000 00029 00000 57178
00029 00000 00029 00255 00000 00029 00000 56103
00029 00000 00029 00255 00000 00029 00000 55229
00029 00000 00029 00255 00000 00029 00000 54254
00029 00000 00029 00255 00000 00029 00000 53280
00029 00000 00029 00255 00000 00029 00000 52206
00029 00000 00029 00255 00000 00029 00000 51331
00029 00000 00029 00255 00000 00029 00000 50357
00029 00000 00029 00255 00000 00029 00000 49382
00029 00000 00029 00255 00000 00029 00000 48308
00029 00000 00029 00255 00000 00029 00000 47433
00029 00000 00029 00255 00000 00029 00000 46459
00029 00000 00029 00255 00000 00029 00000 45485
00029 00000 00029 00255 00000 00029 00000 44410
00029 00000 00029 00255 00000 00029 00000 43536
00029 00000 00029 00255 00000 00029 00000 42561
00029 00000 00029 00255 00000 00029 00000 41587
00029 00000 00029 00255 00000 00029 00000 40512
00029 00000 00029 00255 00000 00029 00000 39638
00029 00000 00029 00255 00000 00029 00000 38664
00029 00000 00029 00255 00000 00029 00000 37689
00029 00000 00029 00255 00000 00029 00000 36615
00029 00000 00029 00255 00000 00029 00000 35740
00029 00000 00029 00255 00000 00029 00000 34766
00029 00000 00029 00255 00000 00029 00000 33791
00029 00000 00029 00255 00000 00029 00000 32717
00029 00000 00029 00255 00000 00029 00000 31843
00029 00000 00029 00255 00000 00029 00000 30868
00029 00000 00029 00255 00000 00029 00000 29894
00029 00000 00029 00255 00000 00029 00000 28819
00029 00000 00029 00255 00000 00029 00000 27945
00029 00000 00029 00255 00000 00029 00000 26970
00029 00000 00029 00255 00000 00029 00000 25996
00029 00000 00029 00255 00000 00029 00000 24022
00029 00000 00029 00255 00000 00029 00000 24047
00029 00000 00029 00255 00000 00029 00000 23073
00029 00000 00029 00255 00000 00029 00000 22098
00029 00000 00029 00255 00000 00029 00000 21124
00029 00000 00029 00255 00000 00029 00000 20149
00029 00000 00029 00255 00000 00029 00000 19175
00029 00000 00029 00255 00000 00029 00000 18101
00029 00000 00029 00255 00000 00029 00000 17226
00029 00000 00029 00255 00000 00029 00000 16252
00029 00000 00029 00255 00000 00029 00000 15277
00029 00000 00029 00255 00000 00029 00000 14203
00029 00000 00029 00255 00000 00029 00000 13328
00029 00000 00029 00255 00000 00029 00000 12354
00029 00000 00029 00255 00000 00029 00000 11370
00029 00000 00029 00255 00000 00029 00000 10305
00029 00000 00029 00255 00000 00029 00000 09431
00029 00000 00029 00255 00000 00029 00000 08456
00029 00000 00029 00255 00000 00029 00000 07482
00029 00000 00029 00255 00000 00029 00000 06407
00029 00000 00029 00255 00000 00029 00000 05533
00029 00000 00029 00255 00000 00029 00000 04559
00029 00000 00029 00255 00000 00029 00000 03584
00029 00001 00029 00255 00000 00029 00000 02500
00029 00004 00029 00255 00000 00027 00000 01652
00029 00013 00029 00255 00000 00022 00000 00771
00029 00029 00029 00088 00000 00005 00000 00169
00029 00029 00029 00088 00000 00000 00000 00088
00029 00029 00029 00088 00000 00000 00000 00089
00029 00029 00029 00088 00000 00000 00000 00088
00029 00029 00029 00089 00000 00000 00000 00088
00029 00029 00029 00088 00000 00000 00000 00088
00029 00029 00029 00088 00000 00000 00000 00088
00029 00029 00029 00088 00000 00000 00000 00088
00029 00029 00029 00088 00000 00000 00000 00088
00029 00029 00029 00088 00000 00000 00000 00089
00029 00029 00029 00088 00000 00000 00000 00088
00029 00029 00029 00088 00000 00000 00000 00088
00029 00029 00029 00088 00000 00000 00000 00088
00029 00029 00029 00088 00000 00000 00000 00088
00029 00029 00029 00088 00000 00000 00000 00088
00029 00029 00029 00088 00000 00000 00000 00088
00029 00029 00029 00088 00000 00000 00000 00089
00029 00029 00029 00088 00000 00000 00000 00088
00029 00029 00029 00088 00000 00000 00000 00088
00029 00029 00029 00088 00000 00000 00000 00088
00029 00029 00029 00088 00000 00000 00000 00088
00029 00029 00029 00088 00000 00000 00000 00088
00029 00029 00029 00089 00000 00000 00000 00088
00029 00029 00029 00088 00000 00000 00000 00088
00029 00029 00029 00088 00000 00000 00000 00088
00029 00029 00029 00088 00000 00000 00000 00088
00029 00029 00029 00088 00000 00000 00000 00088
00029 00029 00029 00088 00000 00000 00000 00088
00029 00029 00029 00088 00000 00000 00000 00088
00029 00029 00029 00089 00000 00000 00000 00088
00029 00029 00029 00088 00000 00000 00000 00088
00029 00029 00029 00088 00000 00000 00000 00088
00029 00029 00029 00088 00000 00000 00000 00088
00029 00029 00029 00088 00000 00000 00000 00088
00029 00029 00029 00088 00000 00000 00000 00089
00029 00029 00029 00088 00000 00000 00000 00088
00029 00029 00029 00088 00000 00000 00000 00088
00029 00029 00029 00088 00000 00000 00000 00088
00029 00029 00029 00088 00000 00000 00000 00088
00029 00029 00029 00088 00000 00000 00000 00088
00029 00029 00029 00088 00000 00000 00000 00088
00029 00029 00029 00088 00000 00000 00000 00088
00029 00029 00029 00088 00000 00000 00000 00088
00029 00029 00029 00088 00000 00000 00000 00088
00029 00029 00029 00088 00000 00000 00000 00088
00029 00029 00029 00088 00000 00000 00000 00088
00029 00029 00029 00088 00000 00000 00000 00088
00029 00029 00029 00088 00000 00000 00000 00088
00029 00029 00029 00088 00000 00000 00000 00088
00029 00029 00029 00088 00000 00000 00000 00088
00029 00029 00029 00088 00000 00000 00000 00088
00029 00029 00029 00088 00000 00000 00000 00088
00029 00029 00029 00088 00000 00000 00000 00088
00029 00029 00029 00088 00000 00000 00000 00088
00029 00029 00029 00088 00000 00000 00000 00088
00029 00029 00029 00088 00000 00000 00000 00088
00029 00029 00029 00089 00000 00000 00000 00088
00029 00029 00029 00088 00000 00000 00000 00088
00029 00029 00029 00088 00000 00000 00000 00088
00029 00029 00029 00088 00000 00000 00000 00089
00029 00029 00029 00088 00000 00000 00000 00088
00029 00029 00029 00089 00000 00000 00000 00088
00029 00029 00029 00088 00000 00000 00000 00088
00029 00029 00029 00088 00000 00000 00000 00088
00029 00029 00029 00088 00000 00000 00000 00088
00029 00029 00029 00088 00000 00000 00000 00088
00029 00029 00029 00088 00000 00000 00000 00088
00029 00029 00029 00088 00000 00000 00000 00088
00029 00029 00029 00088 00000 00000 00000 00088
00029 00029 00029 00088 00000 00000 00000 00088
00029 00029 00029 00089 00000 00000 00000 00088
00029 00029 00029 00088 00000 00000 00000 00088
00029 00029 00029 00089 00000 00000 00000 00088
00029 00029 00029 00088 00000 00000 00000 00088
00029 00029 00029 00088 00000 00000 00000 00088
00029 00029 00029 00088 00000 00000 00000 00088
00029 00029 00029 00088 00000 00000 00000 00088
00029 00029 00029 00088 00000 00000 00000 00088
00029 00029 00029 00088 00000 00000 00000 00088
00029 00029 00029 00088 00000 00000 00000 00088
00029 00029 00029 00088 00000 00000 00000 00088
