00009 00000 00009 00255 00000 00009 00000 27056
00009 00000 00009 00255 00000 00009 00000 26744
00009 00000 00009 00255 00000 00009 00000 26441
00009 00000 00009 00255 00000 00009 00000 26149
00009 00000 00009 00255 00000 00009 00000 25847
00009 00000 00009 00255 00000 00009 00000 25534
00009 00000 00009 00255 00000 00009 00000 25232
00009 00000 00009 00255 00000 00009 00000 24939
00009 00000 00009 00255 00000 00009 00000 24637
00009 00000 00009 00255 00000 00009 00000 24325
00009 00000 00009 00255 00000 00009 00000 24022
00009 00000 00009 00255 00000 00009 00000 23720
00009 00000 00009 00255 00000 00009 00000 23427
00009 00000 00009 00255 00000 00009 00000 23115
00009 00000 00009 00255 00000 00009 00000 22813
00009 00000 00009 00255 00000 00009 00000 22510
00009 00000 00009 00255 00000 00009 00000 22218
00009 00000 00009 00255 00000 00009 00000 21905
00009 00000 00009 00255 00000 00009 00000 21603
00009 00000 00009 00255 00000 00009 00000 21200
00009 00000 00009 00255 00000 00009 00000 20908
00009 00000 00009 00255 00000 00009 00000 20696
00009 00000 00009 00255 00000 00009 00000 20393
00009 00000 00009 00255 00000 00009 00000 20091
00009 00000 00009 00255 00000 00009 00000 19798
00009 00000 00009 00255 00000 00009 00000 19496
00009 00000 00009 00255 00000 00009 00000 19184
00009 00000 00009 00255 00000 00009 00000 18881
00009 00000 00009 00255 00000 00009 00000 18589
00009 00000 00009 00255 00000 00009 00000 18286
00009 00000 00009 00255 00000 00009 00000 17974
00009 00000 00009 00255 00000 00009 00000 17672
00009 00000 00009 00255 00000 00009 00000 17379
00009 00000 00009 00255 00000 00009 00000 17077
00009 00000 00009 00255 00000 00009 00000 16764
00009 00000 00009 00255 00000 00009 00000 16462
00009 00000 00009 00255 00000 00009 00000 16160
00009 00000 00009 00255 00000 00009 00000 15867
00009 00000 00009 00255 00000 00009 00000 15555
00009 00000 00009 00255 00000 00009 00000 15252
00009 00000 00009 00255 00000 00009 00000 14950
00009 00000 00009 00255 00000 00009 00000 14657
00009 00000 00009 00255 00000 00009 00000 14345
00009 00000 00009 00255 00000 00009 00000 14043
00009 00000 00009 00255 00000 00009 00000 13740
00009 00000 00009 00255 00000 00009 00000 13448
00009 00000 00009 00255 00000 00009 00000 13135
00009 00000 00009 00255 00000 00009 00000 12833
00009 00000 00009 00255 00000 00009 00000 12531
00009 00000 00009 00255 00000 00009 00000 12238
00009 00000 00009 00255 00000 00009 00000 11936
00009 00000 00009 00255 00000 00009 00000 11623
00009 00000 00009 00255 00000 00009 00000 11321
00009 00000 00009 00255 00000 00009 00000 11029
00009 00000 00009 00255 00000 00009 00000 10726
00009 00000 00009 00255 00000 00009 00000 10414
00009 00000 00009 00255 00000 00009 00000 10111
00009 00000 00009 00255 00000 00009 00000 09819
00009 00000 00009 00255 00000 00009 00000 09517
00009 00000 00009 00255 00000 00009 00000 09204
00009 00000 00009 00255 00000 00009 00000 08802
00009 00000 00009 00255 00000 00009 00000 08509
00009 00000 00009 00255 00000 00009 00000 08207
00009 00000 00009 00255 00000 00009 00000 07994
00009 00000 00009 00255 00000 00009 00000 07692
00009 00000 00009 00255 00000 00009 00000 07390
00009 00000 00009 00255 00000 00009 00000 07097
00009 00000 00009 00255 00000 00009 00000 06785
00009 00000 00009 00255 00000 00009 00000 06482
00009 00000 00009 00255 00000 00009 00000 06180
00009 00000 00009 00255 00000 00009 00000 05888
00009 00000 00009 00255 00000 00009 00000 05575
00009 00000 00009 00255 00000 00009 00000 05273
00009 00000 00009 00255 00000 00009 00000 04970
00009 00000 00009 00255 00000 00009 00000 04678
00009 00000 00009 00255 00000 00009 00000 04366
00009 00000 00009 00255 00000 00009 00000 04063
00009 00000 00009 00255 00000 00009 00000 03761
00009 00000 00009 00255 00000 00009 00000 03468
00009 00000 00009 00255 00000 00009 00000 03166
00009 00000 00009 00255 00000 00009 00000 02854
00009 00000 00009 00255 00000 00009 00000 02551
00009 00000 00009 00255 00000 00009 00000 02259
00009 00000 00009 00255 00000 00009 00000 01956
00009 00000 00009 00255 00000 00009 00000 01644
00009 00000 00009 00255 00000 00009 00000 01341
00009 00000 00009 00255 00000 00009 00000 01049
00009 00000 00009 00255 00000 00009 00000 00747
00009 00002 00009 00255 00000 00008 00000 00435
00009 00008 00009 00101 00000 00005 00000 00183
00009 00009 00009 00092 00000 00000 00000 00093
00009 00009 00009 00092 00000 00000 00000 00093
00009 00009 00009 00092 00000 00000 00000 00092
00009 00009 00009 00093 00000 00000 00000 00092
00009 00009 00009 00093 00000 00000 00000 00092
00009 00009 00009 00093 00000 00000 00000 00092
00009 00009 00009 00093 00000 00000 00000 00093
00009 00000 00009 00092 00000 00000 00000 00093
00009 00009 00009 00092 00000 00000 00000 00093
00009 00009 00009 00092 00000 00000 00000 00093
00009 00009 00009 00092 00000 00000 00000 00092
00009 00009 00009 00093 00000 00000 00000 00092
00009 00009 00009 00093 00000 00000 00000 00092
00009 00009 00009 00093 00000 00000 00000 00092
00009 00009 00009 00092 00000 00000 00000 00092
00009 00009 00009 00092 00000 00000 00000 00093
00009 00009 00009 00092 00000 00000 00000 00093
00009 00009 00009 00092 00000 00000 00000 00093
00009 00009 00009 00093 00000 00000 00000 00092
00009 00009 00009 00093 00000 00000 00000 00093
00009 00009 00009 00093 00000 00000 00000 00092
00009 00009 00009 00093 00000 00000 00000 00092
00009 00009 00009 00092 00000 00000 00000 00092
00009 00009 00009 00092 00000 00000 00000 00093
00009 00009 00009 00092 00000 00000 00000 00093
00009 00009 00009 00092 00000 00000 00000 00093
00009 00009 00009 00093 00000 00000 00000 00093
00009 00009 00009 00093 00000 00000 00000 00093
00009 00009 00009 00093 00000 00000 00000 00092
00009 00009 00009 00093 00000 00000 00000 00092
