00039 00000 00039 00255 00000 00039 00000 40085
00039 00000 00039 00255 00000 00039 00000 38775
00039 00000 00039 00255 00000 00039 00000 37464
00039 00000 00039 00255 00000 00039 00000 36154
00039 00000 00039 00255 00000 00039 00000 34843
00039 00000 00039 00255 00000 00039 00000 33533
00039 00000 00039 00255 00000 00039 00000 32122
00039 00000 00039 00255 00000 00039 00000 30812
00039 00000 00039 00255 00000 00039 00000 29502
00039 00000 00039 00255 00000 00039 00000 28291
00039 00000 00039 00255 00000 00039 00000 26981
00039 00000 00039 00255 00000 00039 00000 25670
00039 00000 00039 00255 00000 00039 00000 24360
00039 00000 00039 00255 00000 00039 00000 22059
00039 00000 00039 00255 00000 00039 00000 21749
00039 00000 00039 00255 00000 00039 00000 20439
00039 00000 00039 00255 00000 00039 00000 19028
00039 00000 00039 00255 00000 00039 00000 17718
00039 00000 00039 00255 00000 00039 00000 16407
00039 00000 00039 00255 00000 00039 00000 15187
00039 00000 00039 00255 00000 00039 00000 13876
00039 00000 00039 00255 00000 00039 00000 12566
00039 00000 00039 00255 00000 00039 00000 11255
00039 00000 00039 00255 00000 00039 00000 09945
00039 00000 00039 00255 00000 00039 00000 08635
00039 00000 00039 00255 00000 00039 00000 07324
00039 00000 00039 00255 00000 00039 00000 05914
00039 00000 00039 00255 00000 00039 00000 04603
00039 00000 00039 00255 00000 00039 00000 03393
00039 00000 00039 00255 00000 00039 00000 02082
00039 00000 00039 00255 00000 00039 00000 00772
00039 00000 00039 00255 00000 00039 00000 64908
00039 00000 00039 00255 00000 00039 00000 63697
00039 00000 00039 00255 00000 00039 00000 62377
00039 00000 00039 00255 00000 00039 00000 61066
00039 00000 00039 00255 00000 00039 00000 59756
00039 00000 00039 00255 00000 00039 00000 58445
00039 00000 00039 00255 00000 00039 00000 57135
00039 00000 00039 00255 00000 00039 00000 55824
00039 00000 00039 00255 00000 00039 00000 54414
00039 00000 00039 00255 00000 00039 00000 53104
00039 00000 00039 00255 00000 00039 00000 51893
00039 00000 00039 00255 00000 00039 00000 50583
00039 00000 00039 00255 00000 00039 00000 49272
00039 00000 00039 00255 00000 00039 00000 47962
00039 00000 00039 00255 00000 00039 00000 46651
00039 00000 00039 00255 00000 00039 00000 45341
00039 00000 00039 00255 00000 00039 00000 43031
00039 00000 00039 00255 00000 00039 00000 42620
00039 00000 00039 00255 00000 00039 00000 41310
00039 00000 00039 00255 00000 00039 00000 40009
00039 00000 00039 00255 00000 00039 00000 38799
00039 00000 00039 00255 00000 00039 00000 37488
00039 00000 00039 00255 00000 00039 00000 36178
00039 00000 00039 00255 00000 00039 00000 34867
00039 00000 00039 00255 00000 00039 00000 33557
00039 00000 00039 00255 00000 00039 00000 32237
00039 00000 00039 00255 00000 00039 00000 30926
00039 00000 00039 00255 00000 00039 00000 29516
00039 00000 00039 00255 00000 00039 00000 28205
00039 00000 00039 00255 00000 00039 00000 26995
00039 00000 00039 00255 00000 00039 00000 25684
00039 00000 00039 00255 00000 00039 00000 24374
00039 00000 00039 00255 00000 00039 00000 23064
00039 00000 00039 00255 00000 00039 00000 21753
00039 00000 00039 00255 00000 00039 00000 20443
00039 00000 00039 00255 00000 00039 00000 19132
00039 00000 00039 00255 00000 00039 00000 17722
00039 00000 00039 00255 00000 00039 00000 16411
00039 00000 00039 00255 00000 00039 00000 15101
00039 00000 00039 00255 00000 00039 00000 13890
00039 00000 00039 00255 00000 00039 00000 12580
00039 00000 00039 00255 00000 00039 00000 11270
00039 00000 00039 00255 00000 00039 00000 09969
00039 00000 00039 00255 00000 00039 00000 08659
00039 00000 00039 00255 00000 00039 00000 07348
00039 00000 00039 00255 00000 00039 00000 05038
00039 00000 00039 00255 00000 00039 00000 04627
00039 00001 00039 00255 00000 00038 00000 03317
00039 00006 00039 00255 00000 00036 00000 02131
00039 00020 00039 00255 00000 00028 00000 00976
00039 00039 00039 00117 00000 00005 00000 00195
00039 00039 00039 00117 00000 00000 00000 00117
00039 00039 00039 00117 00000 00000 00000 00117
00039 00039 00039 00117 00000 00000 00000 00116
00039 00039 00039 00116 00000 00000 00000 00116
00039 00030 00039 00117 00000 00000 00000 00117
00039 00039 00039 00117 00000 00000 00000 00117
00039 00039 00039 00117 00000 00000 00000 00117
00039 00039 00039 00116 00000 00000 00000 00117
00039 00038 00039 00117 00000 00000 00000 00117
00039 00039 00039 00117 00000 00000 00000 00116
00039 00039 00039 00117 00000 00000 00000 00117
00039 00039 00039 00117 00000 00000 00000 00117
00039 00039 00039 00117 00000 00000 00000 00117
00039 00039 00039 00116 00000 00000 00000 00117
00039 00039 00039 00117 00000 00000 00000 00116
00039 00039 00039 00116 00000 00000 00000 00117
00039 00039 00039 00117 00000 00000 00000 00116
00039 00039 00039 00118 00000 00000 00000 00116
00039 00039 00039 00117 00000 00000 00000 00117
00039 00038 00039 00117 00000 00000 00000 00117
00039 00039 00039 00117 00000 00000 00000 00117
00039 00039 00039 00116 00000 00000 00000 00117
00039 00039 00039 00116 00000 00000 00000 00117
00039 00039 00039 00116 00000 00000 00000 00117
00039 00039 00039 00116 00000 00000 00000 00117
00039 00039 00039 00117 00000 00000 00000 00117
00039 00049 00039 00117 00000 00000 00000 00117
00039 00039 00039 00117 00000 00000 00000 00117
00039 00039 00039 00117 00000 00000 00000 00117
00039 00039 00039 00117 00000 00000 00000 00117
00039 00039 00039 00117 00000 00000 00000 00117
00039 00039 00039 00117 00000 00000 00000 00117
00039 00039 00039 00117 00000 00000 00000 00117
00039 00039 00039 00117 00000 00000 00000 00117
00039 00039 00039 00117 00000 00000 00000 00117
00039 00039 00039 00117 00000 00000 00000 00117
00039 00039 00039 00117 00000 00000 00000 00116
00039 00049 00039 00117 00000 00000 00000 00117
00039 00039 00039 00117 00000 00000 00000 00117
00039 00039 00039 00117 00000 00001 00000 00116
00039 00039 00039 00117 00000 00000 00000 00117
00039 00030 00039 00117 00000 00000 00000 00116
00039 00039 00039 00117 00000 00000 00000 00117
00039 00039 00039 00117 00000 00000 00000 00117
00039 00039 00039 00117 00000 00000 00000 00117
00039 00039 00039 00117 00000 00000 00000 00117
00039 00039 00039 00116 00000 00000 00000 00117
00039 00039 00039 00116 00000 00001 00000 00117
00039 00039 00039 00116 00000 00000 00000 00116
00039 00039 00039 00117 00000 00000 00000 00117
00039 00039 00039 00117 00000 00000 00000 00117
00039 00039 00039 00117 00000 00001 00000 00117
00039 00039 00039 00117 00000 00000 00000 00117
00039 00039 00039 00117 00000 00000 00000 00117
00039 00039 00039 00116 00000 00000 00000 00117
00039 00039 00039 00117 00000 00000 00000 00117
00039 00038 00039 00117 00000 00000 00000 00117
00039 00039 00039 00117 00000 00000 00000 00116
00039 00039 00039 00117 00000 00001 00000 00117
00039 00039 00039 00117 00000 00000 00000 00117
00039 00039 00039 00117 00000 00000 00000 00117
00039 00039 00039 00116 00000 00000 00000 00117
00039 00039 00039 00117 00000 00000 00000 00118
00039 00030 00039 00116 00000 00000 00000 00117
00039 00039 00039 00117 00000 00000 00000 00117
00039 00039 00039 00117 00000 00000 00000 00117
