00019 00000 00019 00255 00000 00019 00000 48661
00019 00000 00019 00255 00000 00019 00000 48023
00019 00000 00019 00255 00000 00019 00000 47394
00019 00000 00019 00255 00000 00019 00000 46756
00019 00000 00019 00255 00000 00019 00000 46117
00019 00000 00019 00255 00000 00019 00000 45479
00019 00000 00019 00255 00000 00019 00000 44831
00019 00000 00019 00255 00000 00019 00000 44192
00019 00000 00019 00255 00000 00019 00000 43564
00019 00000 00019 00255 00000 00019 00000 42925
00019 00000 00019 00255 00000 00019 00000 42287
00019 00000 00019 00255 00000 00019 00000 41648
00019 00000 00019 00255 00000 00019 00000 40900
00019 00000 00019 00255 00000 00019 00000 40362
00019 00000 00019 00255 00000 00019 00000 39733
00019 00000 00019 00255 00000 00019 00000 39095
00019 00000 00019 00255 00000 00019 00000 38456
00019 00000 00019 00255 00000 00019 00000 37818
00019 00000 00019 00255 00000 00019 00000 37170
00019 00000 00019 00255 00000 00019 00000 36531
00019 00000 00019 00255 00000 00019 00000 35893
00019 00000 00019 00255 00000 00019 00000 35264
00019 00000 00019 00255 00000 00019 00000 34626
00019 00000 00019 00255 00000 00019 00000 33987
00019 00000 00019 00255 00000 00019 00000 33349
00019 00000 00019 00255 00000 00019 00000 32601
00019 00000 00019 00255 00000 00019 00000 32062
00019 00000 00019 00255 00000 00019 00000 31434
00019 00000 00019 00255 00000 00019 00000 30795
00019 00000 00019 00255 00000 00019 00000 30157
00019 00000 00019 00255 00000 00019 00000 29519
00019 00000 00019 00255 00000 00019 00000 28870
00019 00000 00019 00255 00000 00019 00000 28232
00019 00000 00019 00255 00000 00019 00000 27503
00019 00000 00019 00255 00000 00019 00000 26965
00019 00000 00019 00255 00000 00019 00000 26326
00019 00000 00019 00255 00000 00019 00000 25688
00019 00000 00019 00255 00000 00019 00000 25040
00019 00000 00019 00255 00000 00019 00000 24301
00019 00000 00019 00255 00000 00019 00000 23763
00019 00000 00019 00255 00000 00019 00000 23134
00019 00000 00019 00255 00000 00019 00000 22496
00019 00000 00019 00255 00000 00019 00000 21857
00019 00000 00019 00255 00000 00019 00000 21219
00019 00000 00019 00255 00000 00019 00000 20571
00019 00000 00019 00255 00000 00019 00000 19932
00019 00000 00019 00255 00000 00019 00000 19204
00019 00000 00019 00255 00000 00019 00000 18665
00019 00000 00019 00255 00000 00019 00000 17027
00019 00000 00019 00255 00000 00019 00000 17389
00019 00000 00019 00255 00000 00019 00000 16740
00019 00000 00019 00255 00000 00019 00000 16002
00019 00000 00019 00255 00000 00019 00000 15473
00019 00000 00019 00255 00000 00019 00000 14835
00019 00000 00019 00255 00000 00019 00000 14196
00019 00000 00019 00255 00000 00019 00000 13558
00019 00000 00019 00255 00000 00019 00000 12910
00019 00000 00019 00255 00000 00019 00000 12271
00019 00000 00019 00255 00000 00019 00000 11643
00019 00000 00019 00255 00000 00019 00000 10904
00019 00000 00019 00255 00000 00019 00000 10366
00019 00000 00019 00255 00000 00019 00000 09728
00019 00000 00019 00255 00000 00019 00000 09089
00019 00000 00019 00255 00000 00019 00000 08441
00019 00000 00019 00255 00000 00019 00000 07702
00019 00000 00019 00255 00000 00019 00000 07174
00019 00000 00019 00255 00000 00019 00000 06535
00019 00000 00019 00255 00000 00019 00000 05897
00019 00000 00019 00255 00000 00019 00000 05259
00019 00000 00019 00255 00000 00019 00000 04610
00019 00000 00019 00255 00000 00019 00000 03972
00019 00000 00019 00255 00000 00019 00000 03343
00019 00000 00019 00255 00000 00019 00000 02605
00019 00000 00019 00255 00000 00019 00000 02067
00019 00001 00019 00255 00000 00019 00000 01428
00019 00005 00019 00255 00000 00017 00000 00813
00019 00017 00019 00144 00000 00010 00000 00296
00019 00019 00019 00106 00000 00000 00000 00106
00019 00019 00019 00106 00000 00000 00000 00106
00019 00019 00019 00106 00000 00000 00000 00106
00019 00019 00019 00106 00000 00000 00000 00106
00019 00019 00019 00106 00000 00000 00000 00106
00019 00019 00019 00106 00000 00000 00000 00106
00019 00019 00019 00106 00000 00000 00000 00106
00019 00019 00019 00107 00000 00000 00000 00106
00019 00019 00019 00106 00000 00000 00000 00106
00019 00019 00019 00106 00000 00000 00000 00106
00019 00019 00019 00106 00000 00000 00000 00106
00019 00019 00019 00106 00000 00000 00000 00106
00019 00019 00019 00106 00000 00000 00000 00106
00019 00019 00019 00106 00000 00000 00000 00106
00019 00019 00019 00106 00000 00000 00000 00106
00019 00019 00019 00106 00000 00000 00000 00106
00019 00019 00019 00106 00000 00000 00000 00106
00019 00019 00019 00106 00000 00000 00000 00106
00019 00019 00019 00107 00000 00000 00000 00106
00019 00019 00019 00106 00000 00000 00000 00106
00019 00019 00019 00106 00000 00000 00000 00106
00019 00019 00019 00106 00000 00000 00000 00106
00019 00019 00019 00106 00000 00000 00000 00106
00019 00019 00019 00106 00000 00000 00000 00106
00019 00019 00019 00106 00000 00000 00000 00107
00019 00019 00019 00106 00000 00000 00000 00106
00019 00011 00019 00106 00000 00000 00000 00106
00019 00019 00019 00106 00000 00000 00000 00106
00019 00019 00019 00106 00000 00000 00000 00106
00019 00019 00019 00106 00000 00000 00000 00106
00019 00019 00019 00107 00000 00000 00000 00106
00019 00019 00019 00106 00000 00000 00000 00106
00019 00019 00019 00106 00000 00000 00000 00106
00019 00019 00019 00106 00000 00000 00000 00106
00019 00019 00019 00106 00000 00000 00000 00106
00019 00019 00019 00106 00000 00000 00000 00106
00019 00019 00019 00107 00000 00000 00000 00106
00019 00019 00019 00106 00000 00000 00000 00106
00019 00019 00019 00106 00000 00000 00000 00106
00019 00019 00019 00106 00000 00000 00000 00106
00019 00019 00019 00106 00000 00000 00000 00106
00019 00019 00019 00106 00000 00000 00000 00106
00019 00019 00019 00106 00000 00000 00000 00106
00019 00019 00019 00106 00000 00000 00000 00106
00019 00019 00019 00106 00000 00000 00000 00106
00019 00019 00019 00106 00000 00000 00000 00106
00019 00019 00019 00107 00000 00000 00000 00106
00019 00019 00019 00106 00000 00000 00000 00106
00019 00019 00019 00106 00000 00000 00000 00106
00019 00019 00019 00106 00000 00000 00000 00106
00019 00019 00019 00106 00000 00000 00000 00106
00019 00019 00019 00106 00000 00000 00000 00106
00019 00019 00019 00106 00000 00000 00000 00106
