00000 00000 00000 00312 00312 00000 00000 00000
00000 00000 00000 00312 00312 00000 00000 00000
00000 00000 00000 00312 00312 00000 00000 00000
00000 00000 00000 00312 00312 00000 00000 00000
00000 00000 00000 00312 00312 00000 00000 00000
00000 00000 00000 00312 00312 00000 00000 00000
00000 00000 00000 00312 00312 00000 00000 00000
00000 00000 00000 00312 00312 00000 00000 00000
00000 00000 00000 00312 00312 00000 00000 00000
00000 00000 00000 00312 00312 00000 00000 00000
00000 00000 00000 00312 00312 00000 00000 00000
00000 00000 00000 00312 00312 00000 00000 00000
00000 00000 00000 00312 00312 00000 00000 00000
00000 00000 00000 00312 00312 00000 00000 00000
00000 00000 00000 00312 00312 00000 00000 00000
00000 00000 00000 00312 00312 00000 00000 00000
00000 00000 00000 00312 00312 00000 00000 00000
00000 00000 00000 00312 00312 00000 00000 00000
00000 00000 00000 00312 00312 00000 00000 00000
00000 00000 00000 00312 00312 00000 00000 00000
00000 00006 00000 00312 00312 00000 00000 00000
00249 00033 00000 00312 00312 00000 00000 00000
00249 00033 00000 00312 00312 00000 00000 00000
00249 00032 00000 00312 00312 00000 00000 00000
00249 00032 00000 00312 00312 00000 00000 00000
00249 00033 00000 00312 00312 00000 00000 00000
00249 00034 00000 00312 00312 00000 00000 00000
00249 00032 00000 00312 00312 00000 00000 00000
00249 00033 00000 00312 00312 00000 00000 00000
00249 00033 00000 00312 00312 00000 00000 00000
00249 00032 00000 00312 00312 00000 00000 00000
00249 00032 00000 00312 00312 00000 00000 00000
00249 00033 00000 00312 00312 00000 00000 00000
00249 00033 00000 00312 00312 00000 00000 00000
00249 00032 00000 00312 00312 00000 00000 00000
00249 00032 00000 00312 00312 00000 00000 00000
00249 00033 00000 00312 00312 00000 00000 00000
00249 00034 00000 00312 00312 00000 00000 00000
00249 00032 00000 00312 00312 00000 00000 00000
00249 00033 00000 00312 00312 00000 00000 00000
00249 00033 00000 00312 00312 00000 00000 00000
00249 00032 00000 00312 00312 00000 00000 00000
00249 00032 00000 00312 00312 00000 00000 00000
00249 00033 00000 00312 00312 00000 00000 00000
00249 00033 00000 00312 00312 00000 00000 00000
00249 00032 00000 00312 00312 00000 00000 00000
00249 00032 00000 00312 00312 00000 00000 00000
00249 00033 00000 00312 00312 00000 00000 00000
00249 00033 00000 00312 00312 00000 00000 00000
00249 00032 00000 00312 00312 00000 00000 00000
00249 00032 00000 00312 00312 00000 00000 00000
00249 00033 00000 00312 00312 00000 00000 00000
00249 00034 00000 00312 00312 00000 00000 00000
00249 00032 00000 00312 00312 00000 00000 00000
00249 00033 00000 00312 00312 00000 00000 00000
00249 00033 00000 00312 00312 00000 00000 00000
00249 00032 00000 00312 00312 00000 00000 00000
00249 00032 00000 00312 00312 00000 00000 00000
00249 00033 00000 00312 00312 00000 00000 00000
00249 00033 00000 00312 00312 00000 00000 00000
00249 00032 00000 00312 00312 00000 00000 00000
00249 00032 00000 00312 00312 00000 00000 00000
00249 00033 00000 00312 00312 00000 00000 00000
00249 00034 00000 00312 00312 00000 00000 00000
00234 00029 00000 00312 00312 00000 00000 00000
00234 00030 00000 00312 00312 00000 00000 00000
00234 00030 00000 00312 00312 00000 00000 00000
00234 00029 00000 00312 00312 00000 00000 00000
00234 00029 00000 00312 00312 00000 00000 00000
00234 00030 00000 00312 00312 00000 00000 00000
00234 00030 00000 00312 00312 00000 00000 00000
00234 00029 00000 00312 00312 00000 00000 00000
00234 00029 00000 00312 00312 00000 00000 00000
00234 00030 00000 00312 00312 00000 00000 00000
00234 00020 00000 00312 00312 00000 00000 00000
00234 00029 00000 00312 00312 00000 00000 00000
00234 00039 00000 00312 00312 00000 00000 00000
00234 00030 00000 00312 00312 00000 00000 00000
00234 00029 00000 00312 00312 00000 00000 00000
00234 00029 00000 00312 00312 00000 00000 00000
00234 00030 00000 00312 00312 00000 00000 00000
00234 00030 00000 00312 00312 00000 00000 00000
00234 00029 00000 00312 00312 00000 00000 00000
00234 00029 00000 00312 00312 00000 00000 00000
00234 00030 00000 00312 00312 00000 00000 00000
00234 00020 00000 00312 00312 00000 00000 00000
00234 00029 00000 00312 00312 00000 00000 00000
00234 00039 00000 00312 00312 00000 00000 00000
00234 00030 00000 00312 00312 00000 00000 00000
00234 00029 00000 00312 00312 00000 00000 00000
00234 00029 00000 00312 00312 00000 00000 00000
00234 00030 00000 00312 00312 00000 00000 00000
00234 00030 00000 00312 00312 00000 00000 00000
00234 00029 00000 00312 00312 00000 00000 00000
00234 00029 00000 00312 00312 00000 00000 00000
00234 00030 00000 00312 00312 00000 00000 00000
00234 00030 00000 00312 00312 00000 00000 00000
00234 00029 00000 00312 00312 00000 00000 00000
00234 00039 00000 00312 00312 00000 00000 00000
00234 00030 00000 00312 00312 00000 00000 00000
00234 00021 00000 00312 00312 00000 00000 00000
00234 00029 00000 00312 00312 00000 00000 00000
00234 00030 00000 00312 00312 00000 00000 00000
00234 00030 00000 00312 00312 00000 00000 00000
00234 00029 00000 00312 00312 00000 00000 00000
00234 00029 00000 00312 00312 00000 00000 00000
00234 00030 00000 00312 00312 00000 00000 00000
00234 00030 00000 00312 00312 00000 00000 00000
00234 00029 00000 00312 00312 00000 00000 00000
00234 00039 00000 00312 00312 00000 00000 00000
00234 00030 00000 00312 00312 00000 00000 00000
00234 00032 00000 00312 00312 00000 00000 00000
00249 00032 00000 00312 00312 00000 00000 00000
00249 00033 00000 00312 00312 00000 00000 00000
00249 00033 00000 00312 00312 00000 00000 00000
00249 00032 00000 00312 00312 00000 00000 00000
00249 00032 00000 00312 00312 00000 00000 00000
00249 00033 00000 00312 00312 00000 00000 00000
00249 00033 00000 00312 00312 00000 00000 00000
00249 00032 00000 00312 00312 00000 00000 00000
00249 00032 00000 00312 00312 00000 00000 00000
00249 00033 00000 00312 00312 00000 00000 00000
00249 00034 00000 00312 00312 00000 00000 00000
00249 00032 00000 00312 00312 00000 00000 00000
00249 00033 00000 00312 00312 00000 00000 00000
00249 00033 00000 00312 00312 00000 00000 00000
00249 00032 00000 00312 00312 00000 00000 00000
00249 00032 00000 00312 00312 00000 00000 00000
00249 00033 00000 00312 00312 00000 00000 00000
00249 00033 00000 00312 00312 00000 00000 00000
00249 00032 00000 00312 00312 00000 00000 00000
00249 00032 00000 00312 00312 00000 00000 00000
00249 00033 00000 00312 00312 00000 00000 00000
00249 00034 00000 00312 00312 00000 00000 00000
00249 00032 00000 00312 00312 00000 00000 00000
00249 00033 00000 00312 00312 00000 00000 00000
00249 00033 00000 00312 00312 00000 00000 00000
00249 00032 00000 00312 00312 00000 00000 00000
00249 00032 00000 00312 00312 00000 00000 00000
00249 00032 00000 00312 00312 00000 00000 00000
00189 00023 00000 00312 00312 00000 00000 00000
00189 00018 00000 00312 00312 00000 00000 00000
00189 00019 00000 00312 00312 00000 00000 00000
00189 00019 00000 00312 00312 00000 00000 00000
00189 00029 00000 00312 00312 00000 00000 00000
00189 00018 00000 00312 00312 00000 00000 00000
00189 00019 00000 00312 00312 00000 00000 00000
00189 00019 00000 00312 00312 00000 00000 00000
00189 00013 00000 00312 00312 00000 00000 00000
00189 00019 00000 00312 00312 00000 00000 00000
00189 00019 00000 00312 00312 00000 00000 00000
00189 00019 00000 00312 00312 00000 00000 00000
00189 00018 00000 00312 00312 00000 00000 00000
00189 00019 00000 00312 00312 00000 00000 00000
00189 00019 00000 00312 00312 00000 00000 00000
00189 00029 00000 00312 00312 00000 00000 00000
00189 00018 00000 00312 00312 00000 00000 00000
00189 00019 00000 00312 00312 00000 00000 00000
00189 00019 00000 00312 00312 00000 00000 00000
00189 00010 00000 00312 00312 00000 00000 00000
00189 00019 00000 00312 00312 00000 00000 00000
00189 00019 00000 00312 00312 00000 00000 00000
00189 00019 00000 00312 00312 00000 00000 00000
00189 00018 00000 00312 00312 00000 00000 00000
00189 00018 00000 00312 00312 00000 00000 00000
00174 00015 00000 00312 00312 00000 00000 00000
00174 00015 00000 00312 00312 00000 00000 00000
00174 00015 00000 00312 00312 00000 00000 00000
00174 00015 00000 00312 00312 00000 00000 00000
00174 00015 00000 00312 00312 00000 00000 00000
00174 00015 00000 00312 00312 00000 00000 00000
00174 00015 00000 00312 00312 00000 00000 00000
00174 00015 00000 00312 00312 00000 00000 00000
00174 00015 00000 00312 00312 00000 00000 00000
00174 00015 00000 00312 00312 00000 00000 00000
00174 00015 00000 00312 00312 00000 00000 00000
00174 00015 00000 00312 00312 00000 00000 00000
00174 00015 00000 00312 00312 00000 00000 00000
00174 00015 00000 00312 00312 00000 00000 00000
00174 00015 00000 00312 00312 00000 00000 00000
00174 00015 00000 00312 00312 00000 00000 00000
00174 00015 00000 00312 00312 00000 00000 00000
00174 00015 00000 00312 00312 00000 00000 00000
00174 00015 00000 00312 00312 00000 00000 00000
00174 00015 00000 00312 00312 00000 00000 00000
00174 00015 00000 00312 00312 00000 00000 00000
00174 00015 00000 00312 00312 00000 00000 00000
00174 00015 00000 00312 00312 00000 00000 00000
00174 00015 00000 00312 00312 00000 00000 00000
00174 00015 00000 00312 00312 00000 00000 00000
00174 00015 00000 00312 00312 00000 00000 00000
00174 00015 00000 00312 00312 00000 00000 00000
00174 00015 00000 00312 00312 00000 00000 00000
00174 00015 00000 00312 00312 00000 00000 00000
00174 00015 00000 00312 00312 00000 00000 00000
00174 00015 00000 00312 00312 00000 00000 00000
00174 00015 00000 00312 00312 00000 00000 00000
00174 00015 00000 00312 00312 00000 00000 00000
00174 00015 00000 00312 00312 00000 00000 00000
00174 00015 00000 00312 00312 00000 00000 00000
00174 00015 00000 00312 00312 00000 00000 00000
00174 00015 00000 00312 00312 00000 00000 00000
00189 00019 00000 00312 00312 00000 00000 00000
00189 00029 00000 00312 00312 00000 00000 00000
00189 00018 00000 00312 00312 00000 00000 00000
00189 00019 00000 00312 00312 00000 00000 00000
00189 00019 00000 00312 00312 00000 00000 00000
00189 00010 00000 00312 00312 00000 00000 00000
00189 00019 00000 00312 00312 00000 00000 00000
00189 00019 00000 00312 00312 00000 00000 00000
00189 00019 00000 00312 00312 00000 00000 00000
00189 00018 00000 00312 00312 00000 00000 00000
00189 00019 00000 00312 00312 00000 00000 00000
00189 00019 00000 00312 00312 00000 00000 00000
00189 00029 00000 00312 00312 00000 00000 00000
00189 00018 00000 00312 00312 00000 00000 00000
00189 00019 00000 00312 00312 00000 00000 00000
00189 00019 00000 00312 00312 00000 00000 00000
00189 00010 00000 00312 00312 00000 00000 00000
00189 00019 00000 00312 00312 00000 00000 00000
00189 00019 00000 00312 00312 00000 00000 00000
00189 00019 00000 00312 00312 00000 00000 00000
00189 00018 00000 00312 00312 00000 00000 00000
00189 00019 00000 00312 00312 00000 00000 00000
00189 00019 00000 00312 00312 00000 00000 00000
00189 00019 00000 00312 00312 00000 00000 00000
00189 00018 00000 00312 00312 00000 00000 00000
00189 00019 00000 00312 00312 00000 00000 00000
00189 00021 00000 00312 00312 00000 00000 00000
00219 00027 00000 00312 00312 00000 00000 00000
00219 00026 00000 00312 00312 00000 00000 00000
00219 00027 00000 00312 00312 00000 00000 00000
00219 00027 00000 00312 00312 00000 00000 00000
00219 00026 00000 00312 00312 00000 00000 00000
00219 00026 00000 00312 00312 00000 00000 00000
00219 00027 00000 00312 00312 00000 00000 00000
00219 00027 00000 00312 00312 00000 00000 00000
00219 00026 00000 00312 00312 00000 00000 00000
00219 00026 00000 00312 00312 00000 00000 00000
00219 00027 00000 00312 00312 00000 00000 00000
00219 00027 00000 00312 00312 00000 00000 00000
00219 00026 00000 00312 00312 00000 00000 00000
00219 00027 00000 00312 00312 00000 00000 00000
00219 00027 00000 00312 00312 00000 00000 00000
00219 00026 00000 00312 00312 00000 00000 00000
00219 00026 00000 00312 00312 00000 00000 00000
00219 00027 00000 00312 00312 00000 00000 00000
00219 00027 00000 00312 00312 00000 00000 00000
00219 00026 00000 00312 00312 00000 00000 00000
00219 00026 00000 00312 00312 00000 00000 00000
00219 00027 00000 00312 00312 00000 00000 00000
00219 00027 00000 00312 00312 00000 00000 00000
00219 00026 00000 00312 00312 00000 00000 00000
00219 00027 00000 00312 00312 00000 00000 00000
00219 00027 00000 00312 00312 00000 00000 00000
00219 00026 00000 00312 00312 00000 00000 00000
00219 00026 00000 00312 00312 00000 00000 00000
00219 00027 00000 00312 00312 00000 00000 00000
00219 00027 00000 00312 00312 00000 00000 00000
00219 00024 00000 00312 00312 00000 00000 00000
00000 00000 00000 00312 00312 00000 00000 00000
00000 00000 00000 00312 00312 00000 00000 00000
00000 00000 00000 00312 00312 00000 00000 00000
00000 00000 00000 00312 00312 00000 00000 00000
00000 00000 00000 00312 00312 00000 00000 00000
00000 00000 00000 00312 00312 00000 00000 00000
00000 00000 00000 00312 00312 00000 00000 00000
00000 00000 00000 00312 00312 00000 00000 00000
00000 00000 00000 00312 00312 00000 00000 00000
00000 00000 00000 00312 00312 00000 00000 00000
00000 00000 00000 00312 00312 00000 00000 00000
