00000 00000 00000 00312 00312 00000 00000 00000
00000 00000 00000 00312 00312 00000 00000 00000
00000 00000 00000 00312 00312 00000 00000 00000
00000 00000 00000 00312 00312 00000 00000 00000
00000 00000 00000 00312 00312 00000 00000 00000
00000 00000 00000 00312 00312 00000 00000 00000
00000 00000 00000 00312 00312 00000 00000 00000
00000 00000 00000 00312 00312 00000 00000 00000
00000 00000 00000 00312 00312 00000 00000 00000
00000 00000 00000 00312 00312 00000 00000 00000
00000 00000 00000 00312 00312 00000 00000 00000
00000 00000 00000 00312 00312 00000 00000 00000
00000 00000 00000 00312 00312 00000 00000 00000
00000 00000 00000 00312 00312 00000 00000 00000
00000 00000 00000 00312 00312 00000 00000 00000
00000 00000 00000 00312 00312 00000 00000 00000
00000 00000 00000 00312 00312 00000 00000 00000
00000 00000 00000 00312 00312 00000 00000 00000
00000 00000 00000 00312 00312 00000 00000 00000
00000 00000 00000 00312 00312 00000 00000 00000
00000 00000 00000 00312 00312 00000 00000 00000
00000 00000 00000 00312 00312 00000 00000 00000
00000 00001 00000 00312 00312 00000 00000 00000
00000 00004 00000 00312 00312 00000 00000 00000
00000 00015 00000 00312 00312 00000 00000 00000
00249 00044 00000 00312 00312 00000 00000 00000
00249 00049 00000 00312 00312 00000 00000 00000
00249 00059 00000 00312 00312 00000 00000 00000
00249 00050 00000 00312 00312 00000 00000 00000
00249 00049 00000 00312 00312 00000 00000 00000
00249 00049 00000 00312 00312 00000 00000 00000
00249 00050 00000 00312 00312 00000 00000 00000
00249 00050 00000 00312 00312 00000 00000 00000
00249 00049 00000 00312 00312 00000 00000 00000
00249 00049 00000 00312 00312 00000 00000 00000
00249 00050 00000 00312 00312 00000 00000 00000
00249 00050 00000 00312 00312 00000 00000 00000
00249 00049 00000 00312 00312 00000 00000 00000
00249 00049 00000 00312 00312 00000 00000 00000
00249 00050 00000 00312 00312 00000 00000 00000
00249 00049 00000 00312 00312 00000 00000 00000
00249 00049 00000 00312 00312 00000 00000 00000
00249 00050 00000 00312 00312 00000 00000 00000
00249 00050 00000 00312 00312 00000 00000 00000
00249 00049 00000 00312 00312 00000 00000 00000
00249 00049 00000 00312 00312 00000 00000 00000
00249 00050 00000 00312 00312 00000 00000 00000
00249 00050 00000 00312 00312 00000 00000 00000
00249 00048 00000 00312 00312 00000 00000 00000
00249 00042 00000 00312 00312 00000 00000 00000
00189 00033 00000 00312 00312 00000 00000 00000
00189 00034 00000 00312 00312 00000 00000 00000
00189 00033 00000 00312 00312 00000 00000 00000
00189 00033 00000 00312 00312 00000 00000 00000
00189 00033 00000 00312 00312 00000 00000 00000
00189 00033 00000 00312 00312 00000 00000 00000
00189 00033 00000 00312 00312 00000 00000 00000
00189 00033 00000 00312 00312 00000 00000 00000
00189 00033 00000 00312 00312 00000 00000 00000
00189 00033 00000 00312 00312 00000 00000 00000
00189 00033 00000 00312 00312 00000 00000 00000
00189 00033 00000 00312 00312 00000 00000 00000
00189 00033 00000 00312 00312 00000 00000 00000
00189 00033 00000 00312 00312 00000 00000 00000
00189 00033 00000 00312 00312 00000 00000 00000
00189 00033 00000 00312 00312 00000 00000 00000
00189 00033 00000 00312 00312 00000 00000 00000
00189 00034 00000 00312 00312 00000 00000 00000
00189 00038 00000 00312 00312 00000 00000 00000
00219 00043 00000 00312 00312 00000 00000 00000
00219 00042 00000 00312 00312 00000 00000 00000
00219 00042 00000 00312 00312 00000 00000 00000
00219 00042 00000 00312 00312 00000 00000 00000
00219 00043 00000 00312 00312 00000 00000 00000
00219 00042 00000 00312 00312 00000 00000 00000
00219 00042 00000 00312 00312 00000 00000 00000
00219 00043 00000 00312 00312 00000 00000 00000
00219 00042 00000 00312 00312 00000 00000 00000
00219 00042 00000 00312 00312 00000 00000 00000
00219 00042 00000 00312 00312 00000 00000 00000
00219 00043 00000 00312 00312 00000 00000 00000
00219 00042 00000 00312 00312 00000 00000 00000
00219 00042 00000 00312 00312 00000 00000 00000
00219 00042 00000 00312 00312 00000 00000 00000
00219 00043 00000 00312 00312 00000 00000 00000
00219 00042 00000 00312 00312 00000 00000 00000
00219 00042 00000 00312 00312 00000 00000 00000
00219 00043 00000 00312 00312 00000 00000 00000
00219 00042 00000 00312 00312 00000 00000 00000
00219 00042 00000 00312 00312 00000 00000 00000
00219 00042 00000 00312 00312 00000 00000 00000
00219 00043 00000 00312 00312 00000 00000 00000
00219 00042 00000 00312 00312 00000 00000 00000
00219 00042 00000 00312 00312 00000 00000 00000
00219 00042 00000 00312 00312 00000 00000 00000
00219 00043 00000 00312 00312 00000 00000 00000
00219 00042 00000 00312 00312 00000 00000 00000
00219 00041 00000 00312 00312 00000 00000 00000
00119 00036 00000 00312 00312 00000 00000 00000
00189 00034 00000 00312 00312 00000 00000 00000
00189 00033 00000 00312 00312 00000 00000 00000
00189 00033 00000 00312 00312 00000 00000 00000
00189 00033 00000 00312 00312 00000 00000 00000
00189 00033 00000 00312 00312 00000 00000 00000
00189 00033 00000 00312 00312 00000 00000 00000
00189 00033 00000 00312 00312 00000 00000 00000
00189 00033 00000 00312 00312 00000 00000 00000
00189 00033 00000 00312 00312 00000 00000 00000
00189 00033 00000 00312 00312 00000 00000 00000
00189 00033 00000 00312 00312 00000 00000 00000
00189 00033 00000 00312 00312 00000 00000 00000
00189 00033 00000 00312 00312 00000 00000 00000
00189 00033 00000 00312 00312 00000 00000 00000
00189 00033 00000 00312 00312 00000 00000 00000
00189 00033 00000 00312 00312 00000 00000 00000
00189 00033 00000 00312 00312 00000 00000 00000
00189 00033 00000 00312 00312 00000 00000 00000
00189 00033 00000 00312 00312 00000 00000 00000
00189 00033 00000 00312 00312 00000 00000 00000
00189 00033 00000 00312 00312 00000 00000 00000
00189 00033 00000 00312 00312 00000 00000 00000
00189 00033 00000 00312 00312 00000 00000 00000
00189 00033 00000 00312 00312 00000 00000 00000
00189 00032 00000 00312 00312 00000 00000 00000
00189 00029 00000 00312 00312 00000 00000 00000
00174 00027 00000 00312 00312 00000 00000 00000
00174 00027 00000 00312 00312 00000 00000 00000
00174 00027 00000 00312 00312 00000 00000 00000
00174 00027 00000 00312 00312 00000 00000 00000
00174 00027 00000 00312 00312 00000 00000 00000
00174 00027 00000 00312 00312 00000 00000 00000
00174 00027 00000 00312 00312 00000 00000 00000
00174 00027 00000 00312 00312 00000 00000 00000
00174 00027 00000 00312 00312 00000 00000 00000
00174 00027 00000 00312 00312 00000 00000 00000
00174 00027 00000 00312 00312 00000 00000 00000
00174 00027 00000 00312 00312 00000 00000 00000
00174 00027 00000 00312 00312 00000 00000 00000
00174 00027 00000 00312 00312 00000 00000 00000
00174 00027 00000 00312 00312 00000 00000 00000
00174 00027 00000 00312 00312 00000 00000 00000
00174 00027 00000 00312 00312 00000 00000 00000
00174 00027 00000 00312 00312 00000 00000 00000
00174 00028 00000 00312 00312 00000 00000 00000
00174 00031 00000 00312 00312 00000 00000 00000
00204 00038 00000 00312 00312 00000 00000 00000
00204 00039 00000 00312 00312 00000 00000 00000
00204 00038 00000 00312 00312 00000 00000 00000
00204 00038 00000 00312 00312 00000 00000 00000
00204 00038 00000 00312 00312 00000 00000 00000
00204 00039 00000 00312 00312 00000 00000 00000
00204 00038 00000 00312 00312 00000 00000 00000
00204 00038 00000 00312 00312 00000 00000 00000
00204 00038 00000 00312 00312 00000 00000 00000
00204 00039 00000 00312 00312 00000 00000 00000
00204 00038 00000 00312 00312 00000 00000 00000
00204 00038 00000 00312 00312 00000 00000 00000
00204 00039 00000 00312 00312 00000 00000 00000
00204 00039 00000 00312 00312 00000 00000 00000
00204 00038 00000 00312 00312 00000 00000 00000
00204 00038 00000 00312 00312 00000 00000 00000
00204 00039 00000 00312 00312 00000 00000 00000
00204 00038 00000 00312 00312 00000 00000 00000
00204 00038 00000 00312 00312 00000 00000 00000
00204 00037 00000 00312 00312 00000 00000 00000
00204 00020 00000 00312 00312 00000 00000 00000
00000 00000 00000 00312 00312 00000 00000 00000
00000 00000 00000 00312 00312 00000 00000 00000
00000 00000 00000 00312 00312 00000 00000 00000
00000 00000 00000 00312 00312 00000 00000 00000
00000 00000 00000 00312 00312 00000 00000 00000
00000 00000 00000 00312 00312 00000 00000 00000
00000 00000 00000 00312 00312 00000 00000 00000
00000 00000 00000 00312 00312 00000 00000 00000
00000 00000 00000 00312 00312 00000 00000 00000
00000 00000 00000 00312 00312 00000 00000 00000
00000 00000 00000 00312 00312 00000 00000 00000
00000 00000 00000 00312 00312 00000 00000 00000
00000 00000 00000 00312 00312 00000 00000 00000
00000 00000 00000 00312 00312 00000 00000 00000
00000 00000 00000 00312 00312 00000 00000 00000
00000 00000 00000 00312 00312 00000 00000 00000
00000 00000 00000 00312 00312 00000 00000 00000
00000 00000 00000 00312 00312 00000 00000 00000
00000 00000 00000 00312 00312 00000 00000 00000
00000 00000 00000 00312 00312 00000 00000 00000
00000 00000 00000 00312 00312 00000 00000 00000
00000 00000 00000 00312 00312 00000 00000 00000
00000 00000 00000 00312 00312 00000 00000 00000
00000 00000 00000 00312 00312 00000 00000 00000
00000 00000 00000 00312 00312 00000 00000 00000
00000 00000 00000 00312 00312 00000 00000 00000
00000 00000 00000 00312 00312 00000 00000 00000
00000 00000 00000 00312 00312 00000 00000 00000
00000 00000 00000 00312 00312 00000 00000 00000
00000 00000 00000 00312 00312 00000 00000 00000
00000 00000 00000 00312 00312 00000 00000 00000
00000 00000 00000 00312 00312 00000 00000 00000
00000 00000 00000 00312 00312 00000 00000 00000
00000 00000 00000 00312 00312 00000 00000 00000
00000 00000 00000 00312 00312 00000 00000 00000
00000 00000 00000 00312 00312 00000 00000 00000
00000 00000 00000 00312 00312 00000 00000 00000
00000 00000 00000 00312 00312 00000 00000 00000
00000 00000 00000 00312 00312 00000 00000 00000
00000 00000 00000 00312 00312 00000 00000 00000
00000 00000 00000 00312 00312 00000 00000 00000
00000 00000 00000 00312 00312 00000 00000 00000
00000 00000 00000 00312 00312 00000 00000 00000
00000 00000 00000 00312 00312 00000 00000 00000
00000 00000 00000 00312 00312 00000 00000 00000
