00000 00000 00000 00312 00312 00000 00000 00000
00000 00000 00000 00312 00312 00000 00000 00000
00000 00000 00000 00312 00312 00000 00000 00000
00000 00000 00000 00312 00312 00000 00000 00000
00000 00000 00000 00312 00312 00000 00000 00000
00000 00000 00000 00312 00312 00000 00000 00000
00000 00000 00000 00312 00312 00000 00000 00000
00000 00000 00000 00312 00312 00000 00000 00000
00000 00000 00000 00312 00312 00000 00000 00000
00000 00000 00000 00312 00312 00000 00000 00000
00000 00000 00000 00312 00312 00000 00000 00000
00000 00000 00000 00312 00312 00000 00000 00000
00000 00001 00000 00312 00312 00000 00000 00000
00000 00008 00000 00312 00312 00000 00000 00000
00249 00038 00000 00312 00312 00000 00000 00000
00249 00043 00000 00312 00312 00000 00000 00000
00249 00044 00000 00312 00312 00000 00000 00000
00249 00043 00000 00312 00312 00000 00000 00000
00249 00043 00000 00312 00312 00000 00000 00000
00249 00043 00000 00312 00312 00000 00000 00000
00249 00042 00000 00312 00312 00000 00000 00000
00249 00043 00000 00312 00312 00000 00000 00000
00249 00043 00000 00312 00312 00000 00000 00000
00249 00044 00000 00312 00312 00000 00000 00000
00249 00042 00000 00312 00312 00000 00000 00000
00249 00043 00000 00312 00312 00000 00000 00000
00249 00043 00000 00312 00312 00000 00000 00000
00249 00044 00000 00312 00312 00000 00000 00000
00249 00043 00000 00312 00312 00000 00000 00000
00249 00043 00000 00312 00312 00000 00000 00000
00249 00043 00000 00312 00312 00000 00000 00000
00249 00044 00000 00312 00312 00000 00000 00000
00249 00043 00000 00312 00312 00000 00000 00000
00249 00043 00000 00312 00312 00000 00000 00000
00249 00044 00000 00312 00312 00000 00000 00000
00249 00042 00000 00312 00312 00000 00000 00000
00249 00043 00000 00312 00312 00000 00000 00000
00249 00043 00000 00312 00312 00000 00000 00000
00249 00044 00000 00312 00312 00000 00000 00000
00249 00043 00000 00312 00312 00000 00000 00000
00249 00043 00000 00312 00312 00000 00000 00000
00249 00043 00000 00312 00312 00000 00000 00000
00249 00044 00000 00312 00312 00000 00000 00000
00249 00043 00000 00312 00312 00000 00000 00000
00249 00043 00000 00312 00312 00000 00000 00000
00249 00043 00000 00312 00312 00000 00000 00000
00249 00042 00000 00312 00312 00000 00000 00000
00249 00043 00000 00312 00312 00000 00000 00000
00249 00043 00000 00312 00312 00000 00000 00000
00249 00041 00000 00312 00312 00000 00000 00000
00189 00027 00000 00312 00312 00000 00000 00000
00189 00027 00000 00312 00312 00000 00000 00000
00189 00027 00000 00312 00312 00000 00000 00000
00189 00028 00000 00312 00312 00000 00000 00000
00189 00027 00000 00312 00312 00000 00000 00000
00189 00027 00000 00312 00312 00000 00000 00000
00189 00027 00000 00312 00312 00000 00000 00000
00189 00027 00000 00312 00312 00000 00000 00000
00189 00027 00000 00312 00312 00000 00000 00000
00189 00027 00000 00312 00312 00000 00000 00000
00189 00027 00000 00312 00312 00000 00000 00000
00189 00027 00000 00312 00312 00000 00000 00000
00189 00027 00000 00312 00312 00000 00000 00000
00189 00027 00000 00312 00312 00000 00000 00000
00189 00028 00000 00312 00312 00000 00000 00000
00189 00027 00000 00312 00312 00000 00000 00000
00189 00032 00000 00312 00312 00000 00000 00000
00219 00036 00000 00312 00312 00000 00000 00000
00219 00035 00000 00312 00312 00000 00000 00000
00219 00036 00000 00312 00312 00000 00000 00000
00219 00036 00000 00312 00312 00000 00000 00000
00219 00036 00000 00312 00312 00000 00000 00000
00219 00036 00000 00312 00312 00000 00000 00000
00219 00036 00000 00312 00312 00000 00000 00000
00219 00036 00000 00312 00312 00000 00000 00000
00219 00037 00000 00312 00312 00000 00000 00000
00219 00036 00000 00312 00312 00000 00000 00000
00219 00036 00000 00312 00312 00000 00000 00000
00219 00036 00000 00312 00312 00000 00000 00000
00219 00037 00000 00312 00312 00000 00000 00000
00219 00036 00000 00312 00312 00000 00000 00000
00219 00036 00000 00312 00312 00000 00000 00000
00219 00036 00000 00312 00312 00000 00000 00000
00219 00036 00000 00312 00312 00000 00000 00000
00219 00036 00000 00312 00312 00000 00000 00000
00219 00036 00000 00312 00312 00000 00000 00000
00219 00035 00000 00312 00312 00000 00000 00000
00204 00032 00000 00312 00312 00000 00000 00000
00204 00032 00000 00312 00312 00000 00000 00000
00204 00032 00000 00312 00312 00000 00000 00000
00204 00033 00000 00312 00312 00000 00000 00000
00204 00032 00000 00312 00312 00000 00000 00000
00204 00032 00000 00312 00312 00000 00000 00000
00204 00032 00000 00312 00312 00000 00000 00000
00204 00032 00000 00312 00312 00000 00000 00000
00204 00032 00000 00312 00312 00000 00000 00000
00204 00032 00000 00312 00312 00000 00000 00000
00204 00032 00000 00312 00312 00000 00000 00000
00204 00032 00000 00312 00312 00000 00000 00000
00204 00032 00000 00312 00312 00000 00000 00000
00204 00032 00000 00312 00312 00000 00000 00000
00204 00033 00000 00312 00312 00000 00000 00000
00204 00032 00000 00312 00312 00000 00000 00000
00204 00032 00000 00312 00312 00000 00000 00000
00204 00032 00000 00312 00312 00000 00000 00000
00204 00032 00000 00312 00312 00000 00000 00000
00204 00032 00000 00312 00312 00000 00000 00000
00204 00032 00000 00312 00312 00000 00000 00000
00204 00032 00000 00312 00312 00000 00000 00000
00204 00026 00000 00312 00312 00000 00000 00000
00174 00022 00000 00312 00312 00000 00000 00000
00174 00022 00000 00312 00312 00000 00000 00000
00174 00022 00000 00312 00312 00000 00000 00000
00174 00022 00000 00312 00312 00000 00000 00000
00174 00022 00000 00312 00312 00000 00000 00000
00174 00022 00000 00312 00312 00000 00000 00000
00174 00021 00000 00312 00312 00000 00000 00000
00174 00022 00000 00312 00312 00000 00000 00000
00174 00022 00000 00312 00312 00000 00000 00000
00174 00022 00000 00312 00312 00000 00000 00000
00174 00021 00000 00312 00312 00000 00000 00000
00174 00022 00000 00312 00312 00000 00000 00000
00174 00022 00000 00312 00312 00000 00000 00000
00174 00022 00000 00312 00312 00000 00000 00000
00174 00022 00000 00312 00312 00000 00000 00000
00174 00022 00000 00312 00312 00000 00000 00000
00174 00022 00000 00312 00312 00000 00000 00000
00174 00021 00000 00312 00312 00000 00000 00000
00174 00022 00000 00312 00312 00000 00000 00000
00174 00022 00000 00312 00312 00000 00000 00000
00174 00022 00000 00312 00312 00000 00000 00000
00174 00021 00000 00312 00312 00000 00000 00000
00174 00022 00000 00312 00312 00000 00000 00000
00174 00022 00000 00312 00312 00000 00000 00000
00174 00022 00000 00312 00312 00000 00000 00000
00174 00022 00000 00312 00312 00000 00000 00000
00174 00025 00000 00312 00312 00000 00000 00000
00189 00027 00000 00312 00312 00000 00000 00000
00189 00028 00000 00312 00312 00000 00000 00000
00189 00027 00000 00312 00312 00000 00000 00000
00189 00027 00000 00312 00312 00000 00000 00000
00189 00027 00000 00312 00312 00000 00000 00000
00189 00027 00000 00312 00312 00000 00000 00000
00189 00027 00000 00312 00312 00000 00000 00000
00189 00027 00000 00312 00312 00000 00000 00000
00189 00027 00000 00312 00312 00000 00000 00000
00189 00027 00000 00312 00312 00000 00000 00000
00189 00027 00000 00312 00312 00000 00000 00000
00189 00027 00000 00312 00312 00000 00000 00000
00189 00028 00000 00312 00312 00000 00000 00000
00189 00027 00000 00312 00312 00000 00000 00000
00189 00027 00000 00312 00312 00000 00000 00000
00189 00027 00000 00312 00312 00000 00000 00000
00189 00027 00000 00312 00312 00000 00000 00000
00189 00027 00000 00312 00312 00000 00000 00000
00189 00027 00000 00312 00312 00000 00000 00000
00189 00027 00000 00312 00312 00000 00000 00000
00189 00027 00000 00312 00312 00000 00000 00000
00189 00027 00000 00312 00312 00000 00000 00000
00189 00027 00000 00312 00312 00000 00000 00000
00189 00028 00000 00312 00312 00000 00000 00000
00289 00033 00000 00312 00312 00000 00000 00000
00219 00036 00000 00312 00312 00000 00000 00000
00219 00036 00000 00312 00312 00000 00000 00000
00219 00035 00000 00312 00312 00000 00000 00000
00219 00036 00000 00312 00312 00000 00000 00000
00219 00036 00000 00312 00312 00000 00000 00000
00219 00036 00000 00312 00312 00000 00000 00000
00219 00036 00000 00312 00312 00000 00000 00000
00219 00036 00000 00312 00312 00000 00000 00000
00219 00036 00000 00312 00312 00000 00000 00000
00219 00037 00000 00312 00312 00000 00000 00000
00219 00036 00000 00312 00312 00000 00000 00000
00219 00036 00000 00312 00312 00000 00000 00000
00219 00036 00000 00312 00312 00000 00000 00000
00219 00035 00000 00312 00312 00000 00000 00000
00219 00036 00000 00312 00312 00000 00000 00000
00219 00036 00000 00312 00312 00000 00000 00000
00219 00036 00000 00312 00312 00000 00000 00000
00219 00035 00000 00312 00312 00000 00000 00000
00219 00036 00000 00312 00312 00000 00000 00000
00219 00036 00000 00312 00312 00000 00000 00000
00219 00035 00000 00312 00312 00000 00000 00000
00219 00016 00000 00312 00312 00000 00000 00000
00000 00000 00000 00312 00312 00000 00000 00000
00000 00000 00000 00312 00312 00000 00000 00000
00000 00000 00000 00312 00312 00000 00000 00000
00000 00000 00000 00312 00312 00000 00000 00000
00000 00000 00000 00312 00312 00000 00000 00000
00000 00000 00000 00312 00312 00000 00000 00000
00000 00000 00000 00312 00312 00000 00000 00000
00000 00000 00000 00312 00312 00000 00000 00000
00000 00000 00000 00312 00312 00000 00000 00000
00000 00000 00000 00312 00312 00000 00000 00000
00000 00000 00000 00312 00312 00000 00000 00000
00000 00000 00000 00312 00312 00000 00000 00000
