00000 00000 00000 00312 00312 00000 00000 00000
00000 00000 00000 00312 00312 00000 00000 00000
00000 00000 00000 00312 00312 00000 00000 00000
00000 00000 00000 00312 00312 00000 00000 00000
00000 00000 00000 00312 00312 00000 00000 00000
00000 00000 00000 00312 00312 00000 00000 00000
00000 00000 00000 00312 00312 00000 00000 00000
00000 00000 00000 00312 00312 00000 00000 00000
00000 00000 00000 00312 00312 00000 00000 00000
00000 00000 00000 00312 00312 00000 00000 00000
00000 00000 00000 00312 00312 00000 00000 00000
00000 00000 00000 00312 00312 00000 00000 00000
00000 00000 00000 00312 00312 00000 00000 00000
00000 00000 00000 00312 00312 00000 00000 00000
00000 00000 00000 00312 00312 00000 00000 00000
00000 00000 00000 00312 00312 00000 00000 00000
00000 00000 00000 00312 00312 00000 00000 00000
00000 00000 00000 00312 00312 00000 00000 00000
00000 00000 00000 00312 00312 00000 00000 00000
00000 00000 00000 00312 00312 00000 00000 00000
00000 00000 00000 00312 00312 00000 00000 00000
00000 00000 00000 00312 00312 00000 00000 00000
00249 00008 00000 00312 00312 00000 00000 00000
00249 00009 00000 00312 00312 00000 00000 00000
00249 00010 00000 00312 00312 00000 00000 00000
00249 00008 00000 00312 00312 00000 00000 00000
00249 00008 00000 00312 00312 00000 00000 00000
00249 00009 00000 00312 00312 00000 00000 00000
00249 00000 00000 00312 00312 00000 00000 00000
00249 00008 00000 00312 00312 00000 00000 00000
00249 00008 00000 00312 00312 00000 00000 00000
00249 00019 00000 00312 00312 00000 00000 00000
00249 00007 00000 00312 00312 00000 00000 00000
00249 00008 00000 00312 00312 00000 00000 00000
00249 00009 00000 00312 00312 00000 00000 00000
00249 00010 00000 00312 00312 00000 00000 00000
00249 00008 00000 00312 00312 00000 00000 00000
00249 00008 00000 00312 00312 00000 00000 00000
00249 00009 00000 00312 00312 00000 00000 00000
00249 00000 00000 00312 00312 00000 00000 00000
00249 00008 00000 00312 00312 00000 00000 00000
00249 00008 00000 00312 00312 00000 00000 00000
00249 00019 00000 00312 00312 00000 00000 00000
00249 00007 00000 00312 00312 00000 00000 00000
00249 00008 00000 00312 00312 00000 00000 00000
00249 00009 00000 00312 00312 00000 00000 00000
00249 00010 00000 00312 00312 00000 00000 00000
00249 00007 00000 00312 00312 00000 00000 00000
00249 00008 00000 00312 00312 00000 00000 00000
00249 00009 00000 00312 00312 00000 00000 00000
00249 00010 00000 00312 00312 00000 00000 00000
00249 00008 00000 00312 00312 00000 00000 00000
00249 00008 00000 00312 00312 00000 00000 00000
00234 00009 00000 00312 00312 00000 00000 00000
00234 00006 00000 00312 00312 00000 00000 00000
00234 00007 00000 00312 00312 00000 00000 00000
00234 00007 00000 00312 00312 00000 00000 00000
00234 00008 00000 00312 00312 00000 00000 00000
00234 00006 00000 00312 00312 00000 00000 00000
00234 00007 00000 00312 00312 00000 00000 00000
00234 00008 00000 00312 00312 00000 00000 00000
00234 00009 00000 00312 00312 00000 00000 00000
00234 00007 00000 00312 00312 00000 00000 00000
00234 00007 00000 00312 00312 00000 00000 00000
00234 00008 00000 00312 00312 00000 00000 00000
00234 00009 00000 00312 00312 00000 00000 00000
00234 00007 00000 00312 00312 00000 00000 00000
00234 00007 00000 00312 00312 00000 00000 00000
00234 00008 00000 00312 00312 00000 00000 00000
00234 00006 00000 00312 00312 00000 00000 00000
00234 00007 00000 00312 00312 00000 00000 00000
00234 00008 00000 00312 00312 00000 00000 00000
00234 00009 00000 00312 00312 00000 00000 00000
00234 00007 00000 00312 00312 00000 00000 00000
00234 00007 00000 00312 00312 00000 00000 00000
00234 00008 00000 00312 00312 00000 00000 00000
00234 00009 00000 00312 00312 00000 00000 00000
00234 00007 00000 00312 00312 00000 00000 00000
00234 00007 00000 00312 00312 00000 00000 00000
00234 00008 00000 00312 00312 00000 00000 00000
00234 00006 00000 00312 00312 00000 00000 00000
00234 00007 00000 00312 00312 00000 00000 00000
00234 00008 00000 00312 00312 00000 00000 00000
00234 00008 00000 00312 00312 00000 00000 00000
00234 00007 00000 00312 00312 00000 00000 00000
00234 00007 00000 00312 00312 00000 00000 00000
00234 00008 00000 00312 00312 00000 00000 00000
00234 00009 00000 00312 00312 00000 00000 00000
00234 00007 00000 00312 00312 00000 00000 00000
00234 00007 00000 00312 00312 00000 00000 00000
00249 00019 00000 00312 00312 00000 00000 00000
00249 00007 00000 00312 00312 00000 00000 00000
00249 00008 00000 00312 00312 00000 00000 00000
00249 00009 00000 00312 00312 00000 00000 00000
00249 00010 00000 00312 00312 00000 00000 00000
00249 00007 00000 00312 00312 00000 00000 00000
00249 00008 00000 00312 00312 00000 00000 00000
00249 00009 00000 00312 00312 00000 00000 00000
00249 00010 00000 00312 00312 00000 00000 00000
00249 00008 00000 00312 00312 00000 00000 00000
00249 00008 00000 00312 00312 00000 00000 00000
00249 00009 00000 00312 00312 00000 00000 00000
00249 00007 00000 00312 00312 00000 00000 00000
00249 00008 00000 00312 00312 00000 00000 00000
00249 00009 00000 00312 00312 00000 00000 00000
00249 00010 00000 00312 00312 00000 00000 00000
00249 00007 00000 00312 00312 00000 00000 00000
00249 00008 00000 00312 00312 00000 00000 00000
00249 00009 00000 00312 00312 00000 00000 00000
00249 00010 00000 00312 00312 00000 00000 00000
00249 00008 00000 00312 00312 00000 00000 00000
00249 00008 00000 00312 00312 00000 00000 00000
00249 00009 00000 00312 00312 00000 00000 00000
00249 00001 00000 00312 00312 00000 00000 00000
00249 00008 00000 00312 00312 00000 00000 00000
00249 00009 00000 00312 00312 00000 00000 00000
00249 00019 00000 00312 00312 00000 00000 00000
00249 00007 00000 00312 00312 00000 00000 00000
00249 00008 00000 00312 00312 00000 00000 00000
00249 00009 00000 00312 00312 00000 00000 00000
00249 00010 00000 00312 00312 00000 00000 00000
00249 00008 00000 00312 00312 00000 00000 00000
00249 00008 00000 00312 00312 00000 00000 00000
00249 00009 00000 00312 00312 00000 00000 00000
00249 00000 00000 00312 00312 00000 00000 00000
00249 00008 00000 00312 00312 00000 00000 00000
00249 00008 00000 00312 00312 00000 00000 00000
00249 00019 00000 00312 00312 00000 00000 00000
00249 00007 00000 00312 00312 00000 00000 00000
00249 00008 00000 00312 00312 00000 00000 00000
00249 00009 00000 00312 00312 00000 00000 00000
00249 00010 00000 00312 00312 00000 00000 00000
00249 00008 00000 00312 00312 00000 00000 00000
00249 00008 00000 00312 00312 00000 00000 00000
00249 00009 00000 00312 00312 00000 00000 00000
00189 00005 00000 00312 00312 00000 00000 00000
00189 00004 00000 00312 00312 00000 00000 00000
00189 00004 00000 00312 00312 00000 00000 00000
00189 00004 00000 00312 00312 00000 00000 00000
00189 00003 00000 00312 00312 00000 00000 00000
00189 00004 00000 00312 00312 00000 00000 00000
00189 00004 00000 00312 00312 00000 00000 00000
00189 00005 00000 00312 00312 00000 00000 00000
00219 00006 00000 00312 00312 00000 00000 00000
00219 00006 00000 00312 00312 00000 00000 00000
00219 00007 00000 00312 00312 00000 00000 00000
00219 00007 00000 00312 00312 00000 00000 00000
00219 00006 00000 00312 00312 00000 00000 00000
00219 00006 00000 00312 00312 00000 00000 00000
00219 00007 00000 00312 00312 00000 00000 00000
00219 00005 00000 00312 00312 00000 00000 00000
00219 00006 00000 00312 00312 00000 00000 00000
00219 00006 00000 00312 00312 00000 00000 00000
00219 00007 00000 00312 00312 00000 00000 00000
00219 00005 00000 00312 00312 00000 00000 00000
00219 00006 00000 00312 00312 00000 00000 00000
00219 00007 00000 00312 00312 00000 00000 00000
00219 00007 00000 00312 00312 00000 00000 00000
00219 00006 00000 00312 00312 00000 00000 00000
00219 00006 00000 00312 00312 00000 00000 00000
00219 00007 00000 00312 00312 00000 00000 00000
00219 00008 00000 00312 00312 00000 00000 00000
00219 00006 00000 00312 00312 00000 00000 00000
00219 00006 00000 00312 00312 00000 00000 00000
00219 00007 00000 00312 00312 00000 00000 00000
00219 00005 00000 00312 00312 00000 00000 00000
00219 00006 00000 00312 00312 00000 00000 00000
00219 00006 00000 00312 00312 00000 00000 00000
00219 00007 00000 00312 00312 00000 00000 00000
00189 00005 00000 00312 00312 00000 00000 00000
00189 00004 00000 00312 00312 00000 00000 00000
00189 00004 00000 00312 00312 00000 00000 00000
00189 00005 00000 00312 00312 00000 00000 00000
00189 00004 00000 00312 00312 00000 00000 00000
00189 00004 00000 00312 00312 00000 00000 00000
00189 00005 00000 00312 00312 00000 00000 00000
00189 00003 00000 00312 00312 00000 00000 00000
00189 00004 00000 00312 00312 00000 00000 00000
00189 00004 00000 00312 00312 00000 00000 00000
00189 00005 00000 00312 00312 00000 00000 00000
00189 00004 00000 00312 00312 00000 00000 00000
00189 00004 00000 00312 00312 00000 00000 00000
00189 00004 00000 00312 00312 00000 00000 00000
00189 00005 00000 00312 00312 00000 00000 00000
00189 00004 00000 00312 00312 00000 00000 00000
00189 00004 00000 00312 00312 00000 00000 00000
00174 00003 00000 00312 00312 00000 00000 00000
00174 00003 00000 00312 00312 00000 00000 00000
00174 00003 00000 00312 00312 00000 00000 00000
00174 00003 00000 00312 00312 00000 00000 00000
00174 00004 00000 00312 00312 00000 00000 00000
00174 00003 00000 00312 00312 00000 00000 00000
00174 00003 00000 00312 00312 00000 00000 00000
00174 00003 00000 00312 00312 00000 00000 00000
00174 00004 00000 00312 00312 00000 00000 00000
00174 00003 00000 00312 00312 00000 00000 00000
00174 00003 00000 00312 00312 00000 00000 00000
00174 00003 00000 00312 00312 00000 00000 00000
00174 00003 00000 00312 00312 00000 00000 00000
00174 00003 00000 00312 00312 00000 00000 00000
00174 00003 00000 00312 00312 00000 00000 00000
00174 00003 00000 00312 00312 00000 00000 00000
00174 00003 00000 00312 00312 00000 00000 00000
00174 00003 00000 00312 00312 00000 00000 00000
00174 00003 00000 00312 00312 00000 00000 00000
00174 00004 00000 00312 00312 00000 00000 00000
00174 00003 00000 00312 00312 00000 00000 00000
00174 00003 00000 00312 00312 00000 00000 00000
00184 00003 00000 00312 00312 00000 00000 00000
00189 00003 00000 00312 00312 00000 00000 00000
00189 00004 00000 00312 00312 00000 00000 00000
00189 00004 00000 00312 00312 00000 00000 00000
00189 00005 00000 00312 00312 00000 00000 00000
00189 00004 00000 00312 00312 00000 00000 00000
00189 00004 00000 00312 00312 00000 00000 00000
00189 00004 00000 00312 00312 00000 00000 00000
00189 00005 00000 00312 00312 00000 00000 00000
00189 00004 00000 00312 00312 00000 00000 00000
00189 00004 00000 00312 00312 00000 00000 00000
00189 00004 00000 00312 00312 00000 00000 00000
00189 00005 00000 00312 00312 00000 00000 00000
00189 00004 00000 00312 00312 00000 00000 00000
00189 00004 00000 00312 00312 00000 00000 00000
00189 00004 00000 00312 00312 00000 00000 00000
00189 00003 00000 00312 00312 00000 00000 00000
00189 00004 00000 00312 00312 00000 00000 00000
00189 00004 00000 00312 00312 00000 00000 00000
00189 00005 00000 00312 00312 00000 00000 00000
00189 00004 00000 00312 00312 00000 00000 00000
00189 00004 00000 00312 00312 00000 00000 00000
00189 00004 00000 00312 00312 00000 00000 00000
00219 00008 00000 00312 00312 00000 00000 00000
00219 00006 00000 00312 00312 00000 00000 00000
00219 00006 00000 00312 00312 00000 00000 00000
00219 00007 00000 00312 00312 00000 00000 00000
00219 00005 00000 00312 00312 00000 00000 00000
00219 00006 00000 00312 00312 00000 00000 00000
00219 00006 00000 00312 00312 00000 00000 00000
00219 00007 00000 00312 00312 00000 00000 00000
00219 00006 00000 00312 00312 00000 00000 00000
00219 00006 00000 00312 00312 00000 00000 00000
00219 00007 00000 00312 00312 00000 00000 00000
00219 00008 00000 00312 00312 00000 00000 00000
00219 00006 00000 00312 00312 00000 00000 00000
00219 00006 00000 00312 00312 00000 00000 00000
00219 00007 00000 00312 00312 00000 00000 00000
00219 00005 00000 00312 00312 00000 00000 00000
00219 00006 00000 00312 00312 00000 00000 00000
00219 00006 00000 00312 00312 00000 00000 00000
00219 00007 00000 00312 00312 00000 00000 00000
00219 00005 00000 00312 00312 00000 00000 00000
00219 00006 00000 00312 00312 00000 00000 00000
00219 00007 00000 00312 00312 00000 00000 00000
00219 00007 00000 00312 00312 00000 00000 00000
00219 00006 00000 00312 00312 00000 00000 00000
00219 00006 00000 00312 00312 00000 00000 00000
00219 00007 00000 00312 00312 00000 00000 00000
00219 00005 00000 00312 00312 00000 00000 00000
00000 00000 00000 00312 00312 00000 00000 00000
00000 00000 00000 00312 00312 00000 00000 00000
00000 00000 00000 00312 00312 00000 00000 00000
00000 00000 00000 00312 00312 00000 00000 00000
00000 00000 00000 00312 00312 00000 00000 00000
00000 00000 00000 00312 00312 00000 00000 00000
00000 00000 00000 00312 00312 00000 00000 00000
00000 00000 00000 00312 00312 00000 00000 00000
00000 00000 00000 00312 00312 00000 00000 00000
00000 00000 00000 00312 00312 00000 00000 00000
00000 00000 00000 00312 00312 00000 00000 00000
00000 00000 00000 00312 00312 00000 00000 00000
00000 00000 00000 00312 00312 00000 00000 00000
00000 00000 00000 00312 00312 00000 00000 00000
00000 00000 00000 00312 00312 00000 00000 00000
00000 00000 00000 00312 00312 00000 00000 00000
00000 00000 00000 00312 00312 00000 00000 00000
00000 00000 00000 00312 00312 00000 00000 00000
00000 00000 00000 00312 00312 00000 00000 00000
00000 00000 00000 00312 00312 00000 00000 00000
00000 00000 00000 00312 00312 00000 00000 00000
00000 00000 00000 00312 00312 00000 00000 00000
00000 00000 00000 00312 00312 00000 00000 00000
00000 00000 00000 00312 00312 00000 00000 00000
