00000 00000 00000 00312 00312 00000 00000 00000
00000 00000 00000 00312 00312 00000 00000 00000
00000 00000 00000 00312 00312 00000 00000 00000
00000 00000 00000 00312 00312 00000 00000 00000
00000 00000 00000 00312 00312 00000 00000 00000
00000 00000 00000 00312 00312 00000 00000 00000
00000 00000 00000 00312 00312 00000 00000 00000
00000 00000 00000 00312 00312 00000 00000 00000
00000 00000 00000 00312 00312 00000 00000 00000
00000 00000 00000 00312 00312 00000 00000 00000
00000 00000 00000 00312 00312 00000 00000 00000
00000 00000 00000 00312 00312 00000 00000 00000
00000 00000 00000 00312 00312 00000 00000 00000
00000 00002 00000 00312 00312 00000 00000 00000
00000 00008 00000 00312 00312 00000 00000 00000
00000 00026 00000 00312 00312 00000 00000 00000
00249 00049 00000 00312 00312 00000 00000 00000
00249 00050 00000 00312 00312 00000 00000 00000
00249 00050 00000 00312 00312 00000 00000 00000
00249 00049 00000 00312 00312 00000 00000 00000
00249 00059 00000 00312 00312 00000 00000 00000
00249 00050 00000 00312 00312 00000 00000 00000
00249 00050 00000 00312 00312 00000 00000 00000
00249 00049 00000 00312 00312 00000 00000 00000
00249 00050 00000 00312 00312 00000 00000 00000
00249 00050 00000 00312 00312 00000 00000 00000
00249 00050 00000 00312 00312 00000 00000 00000
00249 00049 00000 00312 00312 00000 00000 00000
00249 00050 00000 00312 00312 00000 00000 00000
00249 00050 00000 00312 00312 00000 00000 00000
00249 00041 00000 00312 00312 00000 00000 00000
00249 00059 00000 00312 00312 00000 00000 00000
00249 00050 00000 00312 00312 00000 00000 00000
00249 00050 00000 00312 00312 00000 00000 00000
00249 00049 00000 00312 00312 00000 00000 00000
00249 00050 00000 00312 00312 00000 00000 00000
00249 00050 00000 00312 00312 00000 00000 00000
00249 00050 00000 00312 00312 00000 00000 00000
00249 00049 00000 00312 00312 00000 00000 00000
00249 00050 00000 00312 00312 00000 00000 00000
00249 00050 00000 00312 00312 00000 00000 00000
00249 00040 00000 00312 00312 00000 00000 00000
00249 00059 00000 00312 00312 00000 00000 00000
00249 00050 00000 00312 00312 00000 00000 00000
00249 00050 00000 00312 00312 00000 00000 00000
00249 00049 00000 00312 00312 00000 00000 00000
00249 00050 00000 00312 00312 00000 00000 00000
00249 00050 00000 00312 00312 00000 00000 00000
00249 00050 00000 00312 00312 00000 00000 00000
00249 00049 00000 00312 00312 00000 00000 00000
00249 00050 00000 00312 00312 00000 00000 00000
00249 00050 00000 00312 00312 00000 00000 00000
00249 00040 00000 00312 00312 00000 00000 00000
00234 00046 00000 00312 00312 00000 00000 00000
00234 00046 00000 00312 00312 00000 00000 00000
00234 00047 00000 00312 00312 00000 00000 00000
00234 00046 00000 00312 00312 00000 00000 00000
00234 00046 00000 00312 00312 00000 00000 00000
00234 00046 00000 00312 00312 00000 00000 00000
00234 00047 00000 00312 00312 00000 00000 00000
00234 00046 00000 00312 00312 00000 00000 00000
00234 00046 00000 00312 00312 00000 00000 00000
00234 00046 00000 00312 00312 00000 00000 00000
00234 00047 00000 00312 00312 00000 00000 00000
00234 00046 00000 00312 00312 00000 00000 00000
00234 00046 00000 00312 00312 00000 00000 00000
00234 00047 00000 00312 00312 00000 00000 00000
00234 00046 00000 00312 00312 00000 00000 00000
00234 00046 00000 00312 00312 00000 00000 00000
00234 00046 00000 00312 00312 00000 00000 00000
00234 00047 00000 00312 00312 00000 00000 00000
00234 00046 00000 00312 00312 00000 00000 00000
00234 00046 00000 00312 00312 00000 00000 00000
00234 00046 00000 00312 00312 00000 00000 00000
00234 00044 00000 00312 00312 00000 00000 00000
00174 00027 00000 00312 00312 00000 00000 00000
00174 00027 00000 00312 00312 00000 00000 00000
00174 00027 00000 00312 00312 00000 00000 00000
00174 00028 00000 00312 00312 00000 00000 00000
00174 00027 00000 00312 00312 00000 00000 00000
00174 00027 00000 00312 00312 00000 00000 00000
00174 00027 00000 00312 00312 00000 00000 00000
00174 00027 00000 00312 00312 00000 00000 00000
00174 00027 00000 00312 00312 00000 00000 00000
00174 00027 00000 00312 00312 00000 00000 00000
00174 00028 00000 00312 00312 00000 00000 00000
00174 00027 00000 00312 00312 00000 00000 00000
00174 00027 00000 00312 00312 00000 00000 00000
00174 00028 00000 00312 00312 00000 00000 00000
00174 00029 00000 00312 00312 00000 00000 00000
00174 00032 00000 00312 00312 00000 00000 00000
00204 00039 00000 00312 00312 00000 00000 00000
00204 00039 00000 00312 00312 00000 00000 00000
00204 00038 00000 00312 00312 00000 00000 00000
00204 00039 00000 00312 00312 00000 00000 00000
00204 00039 00000 00312 00312 00000 00000 00000
00204 00039 00000 00312 00312 00000 00000 00000
00204 00038 00000 00312 00312 00000 00000 00000
00204 00039 00000 00312 00312 00000 00000 00000
00204 00039 00000 00312 00312 00000 00000 00000
00204 00039 00000 00312 00312 00000 00000 00000
00204 00038 00000 00312 00312 00000 00000 00000
00204 00039 00000 00312 00312 00000 00000 00000
00204 00039 00000 00312 00312 00000 00000 00000
00204 00038 00000 00312 00312 00000 00000 00000
00204 00038 00000 00312 00312 00000 00000 00000
00204 00039 00000 00312 00312 00000 00000 00000
00204 00039 00000 00312 00312 00000 00000 00000
00204 00038 00000 00312 00312 00000 00000 00000
00204 00039 00000 00312 00312 00000 00000 00000
00204 00039 00000 00312 00312 00000 00000 00000
00204 00049 00000 00312 00312 00000 00000 00000
00204 00038 00000 00312 00312 00000 00000 00000
00204 00039 00000 00312 00312 00000 00000 00000
00204 00039 00000 00312 00312 00000 00000 00000
00204 00038 00000 00312 00312 00000 00000 00000
00204 00038 00000 00312 00312 00000 00000 00000
00204 00039 00000 00312 00312 00000 00000 00000
00204 00039 00000 00312 00312 00000 00000 00000
00204 00038 00000 00312 00312 00000 00000 00000
00204 00038 00000 00312 00312 00000 00000 00000
00204 00039 00000 00312 00312 00000 00000 00000
00204 00039 00000 00312 00312 00000 00000 00000
00204 00035 00000 00312 00312 00000 00000 00000
00174 00027 00000 00312 00312 00000 00000 00000
00174 00027 00000 00312 00312 00000 00000 00000
00174 00028 00000 00312 00312 00000 00000 00000
00174 00027 00000 00312 00312 00000 00000 00000
00174 00027 00000 00312 00312 00000 00000 00000
00174 00027 00000 00312 00312 00000 00000 00000
00174 00027 00000 00312 00312 00000 00000 00000
00174 00027 00000 00312 00312 00000 00000 00000
00174 00027 00000 00312 00312 00000 00000 00000
00174 00028 00000 00312 00312 00000 00000 00000
00174 00027 00000 00312 00312 00000 00000 00000
00174 00027 00000 00312 00312 00000 00000 00000
00174 00027 00000 00312 00312 00000 00000 00000
00174 00028 00000 00312 00312 00000 00000 00000
00174 00027 00000 00312 00312 00000 00000 00000
00174 00027 00000 00312 00312 00000 00000 00000
00174 00027 00000 00312 00312 00000 00000 00000
00174 00027 00000 00312 00312 00000 00000 00000
00174 00027 00000 00312 00312 00000 00000 00000
00174 00027 00000 00312 00312 00000 00000 00000
00174 00028 00000 00312 00312 00000 00000 00000
00174 00027 00000 00312 00312 00000 00000 00000
00174 00027 00000 00312 00312 00000 00000 00000
00174 00027 00000 00312 00312 00000 00000 00000
00174 00028 00000 00312 00312 00000 00000 00000
00174 00027 00000 00312 00312 00000 00000 00000
00174 00027 00000 00312 00312 00000 00000 00000
00174 00027 00000 00312 00312 00000 00000 00000
00174 00027 00000 00312 00312 00000 00000 00000
00174 00028 00000 00312 00312 00000 00000 00000
00174 00029 00000 00312 00312 00000 00000 00000
00189 00033 00000 00312 00312 00000 00000 00000
00189 00033 00000 00312 00312 00000 00000 00000
00189 00033 00000 00312 00312 00000 00000 00000
00189 00033 00000 00312 00312 00000 00000 00000
00189 00034 00000 00312 00312 00000 00000 00000
00189 00033 00000 00312 00312 00000 00000 00000
00189 00033 00000 00312 00312 00000 00000 00000
00189 00033 00000 00312 00312 00000 00000 00000
00189 00033 00000 00312 00312 00000 00000 00000
00189 00033 00000 00312 00312 00000 00000 00000
00189 00033 00000 00312 00312 00000 00000 00000
00189 00033 00000 00312 00312 00000 00000 00000
00189 00033 00000 00312 00312 00000 00000 00000
00189 00033 00000 00312 00312 00000 00000 00000
00189 00033 00000 00312 00312 00000 00000 00000
00189 00034 00000 00312 00312 00000 00000 00000
00189 00033 00000 00312 00312 00000 00000 00000
00189 00033 00000 00312 00312 00000 00000 00000
00189 00033 00000 00312 00312 00000 00000 00000
00189 00033 00000 00312 00312 00000 00000 00000
00189 00033 00000 00312 00312 00000 00000 00000
00189 00033 00000 00312 00312 00000 00000 00000
00189 00033 00000 00312 00312 00000 00000 00000
00189 00033 00000 00312 00312 00000 00000 00000
00189 00034 00000 00312 00312 00000 00000 00000
00189 00036 00000 00312 00312 00000 00000 00000
00219 00043 00000 00312 00312 00000 00000 00000
00219 00042 00000 00312 00312 00000 00000 00000
00219 00042 00000 00312 00312 00000 00000 00000
00219 00043 00000 00312 00312 00000 00000 00000
00219 00043 00000 00312 00312 00000 00000 00000
00219 00042 00000 00312 00312 00000 00000 00000
00219 00043 00000 00312 00312 00000 00000 00000
00219 00043 00000 00312 00312 00000 00000 00000
00219 00042 00000 00312 00312 00000 00000 00000
00219 00042 00000 00312 00312 00000 00000 00000
00219 00043 00000 00312 00312 00000 00000 00000
00219 00043 00000 00312 00312 00000 00000 00000
00219 00042 00000 00312 00312 00000 00000 00000
00219 00042 00000 00312 00312 00000 00000 00000
00219 00043 00000 00312 00312 00000 00000 00000
00219 00043 00000 00312 00312 00000 00000 00000
00219 00042 00000 00312 00312 00000 00000 00000
00219 00042 00000 00312 00312 00000 00000 00000
00219 00043 00000 00312 00312 00000 00000 00000
00219 00042 00000 00312 00312 00000 00000 00000
00219 00042 00000 00312 00312 00000 00000 00000
00219 00042 00000 00312 00312 00000 00000 00000
00219 00043 00000 00312 00312 00000 00000 00000
00219 00041 00000 00312 00312 00000 00000 00000
00219 00039 00000 00312 00312 00000 00000 00000
