00000 00000 00000 00312 00312 00000 00000 00000
00000 00000 00000 00312 00312 00000 00000 00000
00000 00000 00000 00312 00312 00000 00000 00000
00000 00000 00000 00312 00312 00000 00000 00000
00000 00000 00000 00312 00312 00000 00000 00000
00000 00000 00000 00312 00312 00000 00000 00000
00000 00000 00000 00312 00312 00000 00000 00000
00000 00000 00000 00312 00312 00000 00000 00000
00000 00000 00000 00312 00312 00000 00000 00000
00000 00000 00000 00312 00312 00000 00000 00000
00000 00000 00000 00312 00312 00000 00000 00000
00000 00000 00000 00312 00312 00000 00000 00000
00000 00000 00000 00312 00312 00000 00000 00000
00000 00000 00000 00312 00312 00000 00000 00000
00000 00000 00000 00312 00312 00000 00000 00000
00000 00000 00000 00312 00312 00000 00000 00000
00000 00000 00000 00312 00312 00000 00000 00000
00000 00000 00000 00312 00312 00000 00000 00000
00000 00000 00000 00312 00312 00000 00000 00000
00000 00000 00000 00312 00312 00000 00000 00000
00000 00000 00000 00312 00312 00000 00000 00000
00000 00000 00000 00312 00312 00000 00000 00000
00000 00000 00000 00312 00312 00000 00000 00000
00000 00000 00000 00312 00312 00000 00000 00000
00000 00000 00000 00312 00312 00000 00000 00000
00000 00000 00000 00312 00312 00000 00000 00000
00000 00000 00000 00312 00312 00000 00000 00000
00000 00000 00000 00312 00312 00000 00000 00000
00000 00000 00000 00312 00312 00000 00000 00000
00000 00000 00000 00312 00312 00000 00000 00000
00000 00000 00000 00312 00312 00000 00000 00000
00000 00000 00000 00312 00312 00000 00000 00000
00000 00000 00000 00312 00312 00000 00000 00000
00000 00000 00000 00312 00312 00000 00000 00000
00000 00000 00000 00312 00312 00000 00000 00000
00000 00000 00000 00312 00312 00000 00000 00000
00000 00001 00000 00312 00312 00000 00000 00000
00000 00011 00000 00312 00312 00000 00000 00000
00234 00033 00000 00312 00312 00000 00000 00000
00234 00034 00000 00312 00312 00000 00000 00000
00234 00034 00000 00312 00312 00000 00000 00000
00234 00035 00000 00312 00312 00000 00000 00000
00234 00033 00000 00312 00312 00000 00000 00000
00234 00034 00000 00312 00312 00000 00000 00000
00234 00034 00000 00312 00312 00000 00000 00000
00234 00033 00000 00312 00312 00000 00000 00000
00234 00033 00000 00312 00312 00000 00000 00000
00234 00034 00000 00312 00312 00000 00000 00000
00234 00034 00000 00312 00312 00000 00000 00000
00234 00033 00000 00312 00312 00000 00000 00000
00234 00033 00000 00312 00312 00000 00000 00000
00234 00034 00000 00312 00312 00000 00000 00000
00234 00034 00000 00312 00312 00000 00000 00000
00234 00033 00000 00312 00312 00000 00000 00000
00234 00034 00000 00312 00312 00000 00000 00000
00234 00034 00000 00312 00312 00000 00000 00000
00234 00033 00000 00312 00312 00000 00000 00000
00234 00033 00000 00312 00312 00000 00000 00000
00234 00034 00000 00312 00312 00000 00000 00000
00234 00034 00000 00312 00312 00000 00000 00000
00234 00033 00000 00312 00312 00000 00000 00000
00234 00033 00000 00312 00312 00000 00000 00000
00234 00034 00000 00312 00312 00000 00000 00000
00234 00034 00000 00312 00312 00000 00000 00000
00234 00033 00000 00312 00312 00000 00000 00000
00234 00034 00000 00312 00312 00000 00000 00000
00234 00034 00000 00312 00312 00000 00000 00000
00234 00036 00000 00312 00312 00000 00000 00000
00234 00033 00000 00312 00312 00000 00000 00000
00234 00034 00000 00312 00312 00000 00000 00000
00234 00034 00000 00312 00312 00000 00000 00000
00234 00033 00000 00312 00312 00000 00000 00000
00234 00033 00000 00312 00312 00000 00000 00000
00234 00034 00000 00312 00312 00000 00000 00000
00234 00034 00000 00312 00312 00000 00000 00000
00234 00033 00000 00312 00312 00000 00000 00000
00234 00034 00000 00312 00312 00000 00000 00000
00234 00034 00000 00312 00312 00000 00000 00000
00249 00038 00000 00312 00312 00000 00000 00000
00249 00037 00000 00312 00312 00000 00000 00000
00249 00037 00000 00312 00312 00000 00000 00000
00249 00037 00000 00312 00312 00000 00000 00000
00249 00036 00000 00312 00312 00000 00000 00000
00249 00037 00000 00312 00312 00000 00000 00000
00249 00037 00000 00312 00312 00000 00000 00000
00249 00038 00000 00312 00312 00000 00000 00000
00249 00036 00000 00312 00312 00000 00000 00000
00249 00037 00000 00312 00312 00000 00000 00000
00249 00037 00000 00312 00312 00000 00000 00000
00249 00038 00000 00312 00312 00000 00000 00000
00249 00037 00000 00312 00312 00000 00000 00000
00249 00037 00000 00312 00312 00000 00000 00000
00249 00037 00000 00312 00312 00000 00000 00000
00249 00036 00000 00312 00312 00000 00000 00000
00249 00037 00000 00312 00312 00000 00000 00000
00249 00037 00000 00312 00312 00000 00000 00000
00249 00038 00000 00312 00312 00000 00000 00000
00249 00036 00000 00312 00312 00000 00000 00000
00249 00037 00000 00312 00312 00000 00000 00000
00249 00037 00000 00312 00312 00000 00000 00000
00249 00038 00000 00312 00312 00000 00000 00000
00249 00036 00000 00312 00312 00000 00000 00000
00249 00037 00000 00312 00312 00000 00000 00000
00249 00037 00000 00312 00312 00000 00000 00000
00249 00036 00000 00312 00312 00000 00000 00000
00249 00037 00000 00312 00312 00000 00000 00000
00249 00037 00000 00312 00312 00000 00000 00000
00249 00038 00000 00312 00312 00000 00000 00000
00249 00036 00000 00312 00312 00000 00000 00000
00249 00037 00000 00312 00312 00000 00000 00000
00249 00037 00000 00312 00312 00000 00000 00000
00249 00038 00000 00312 00312 00000 00000 00000
00249 00036 00000 00312 00312 00000 00000 00000
00149 00028 00000 00312 00312 00000 00000 00000
00189 00022 00000 00312 00312 00000 00000 00000
00189 00022 00000 00312 00312 00000 00000 00000
00189 00022 00000 00312 00312 00000 00000 00000
00189 00022 00000 00312 00312 00000 00000 00000
00189 00022 00000 00312 00312 00000 00000 00000
00189 00022 00000 00312 00312 00000 00000 00000
00189 00022 00000 00312 00312 00000 00000 00000
00189 00022 00000 00312 00312 00000 00000 00000
00189 00023 00000 00312 00312 00000 00000 00000
00189 00022 00000 00312 00312 00000 00000 00000
00189 00022 00000 00312 00312 00000 00000 00000
00189 00022 00000 00312 00312 00000 00000 00000
00189 00023 00000 00312 00312 00000 00000 00000
00189 00022 00000 00312 00312 00000 00000 00000
00189 00022 00000 00312 00312 00000 00000 00000
00189 00022 00000 00312 00312 00000 00000 00000
00189 00022 00000 00312 00312 00000 00000 00000
00189 00022 00000 00312 00312 00000 00000 00000
00189 00022 00000 00312 00312 00000 00000 00000
00189 00023 00000 00312 00312 00000 00000 00000
00189 00022 00000 00312 00312 00000 00000 00000
00189 00022 00000 00312 00312 00000 00000 00000
00189 00022 00000 00312 00312 00000 00000 00000
00189 00023 00000 00312 00312 00000 00000 00000
00189 00022 00000 00312 00312 00000 00000 00000
00189 00024 00000 00312 00312 00000 00000 00000
00219 00031 00000 00312 00312 00000 00000 00000
00219 00030 00000 00312 00312 00000 00000 00000
00219 00030 00000 00312 00312 00000 00000 00000
00219 00031 00000 00312 00312 00000 00000 00000
00219 00031 00000 00312 00312 00000 00000 00000
00219 00030 00000 00312 00312 00000 00000 00000
00219 00030 00000 00312 00312 00000 00000 00000
00219 00031 00000 00312 00312 00000 00000 00000
00219 00031 00000 00312 00312 00000 00000 00000
00219 00030 00000 00312 00312 00000 00000 00000
00219 00030 00000 00312 00312 00000 00000 00000
00219 00031 00000 00312 00312 00000 00000 00000
00219 00030 00000 00312 00312 00000 00000 00000
00219 00030 00000 00312 00312 00000 00000 00000
00219 00031 00000 00312 00312 00000 00000 00000
00219 00031 00000 00312 00312 00000 00000 00000
00219 00030 00000 00312 00312 00000 00000 00000
00219 00030 00000 00312 00312 00000 00000 00000
00219 00031 00000 00312 00312 00000 00000 00000
00219 00031 00000 00312 00312 00000 00000 00000
00219 00030 00000 00312 00312 00000 00000 00000
00219 00030 00000 00312 00312 00000 00000 00000
00219 00031 00000 00312 00312 00000 00000 00000
00219 00030 00000 00312 00312 00000 00000 00000
00219 00030 00000 00312 00312 00000 00000 00000
00219 00030 00000 00312 00312 00000 00000 00000
00219 00031 00000 00312 00312 00000 00000 00000
00219 00030 00000 00312 00312 00000 00000 00000
00219 00030 00000 00312 00312 00000 00000 00000
00204 00027 00000 00312 00312 00000 00000 00000
00204 00027 00000 00312 00312 00000 00000 00000
00204 00026 00000 00312 00312 00000 00000 00000
00204 00026 00000 00312 00312 00000 00000 00000
00204 00027 00000 00312 00312 00000 00000 00000
00204 00026 00000 00312 00312 00000 00000 00000
00204 00026 00000 00312 00312 00000 00000 00000
00204 00027 00000 00312 00312 00000 00000 00000
00204 00027 00000 00312 00312 00000 00000 00000
00204 00026 00000 00312 00312 00000 00000 00000
00204 00026 00000 00312 00312 00000 00000 00000
00204 00027 00000 00312 00312 00000 00000 00000
00204 00027 00000 00312 00312 00000 00000 00000
00204 00026 00000 00312 00312 00000 00000 00000
00204 00026 00000 00312 00312 00000 00000 00000
00204 00027 00000 00312 00312 00000 00000 00000
00204 00027 00000 00312 00312 00000 00000 00000
00204 00026 00000 00312 00312 00000 00000 00000
00204 00027 00000 00312 00312 00000 00000 00000
00204 00027 00000 00312 00312 00000 00000 00000
00204 00026 00000 00312 00312 00000 00000 00000
00204 00026 00000 00312 00312 00000 00000 00000
00204 00027 00000 00312 00312 00000 00000 00000
00204 00027 00000 00312 00312 00000 00000 00000
00204 00026 00000 00312 00312 00000 00000 00000
00204 00026 00000 00312 00312 00000 00000 00000
00204 00026 00000 00312 00312 00000 00000 00000
00174 00011 00000 00312 00312 00000 00000 00000
00174 00017 00000 00312 00312 00000 00000 00000
00174 00018 00000 00312 00312 00000 00000 00000
00174 00018 00000 00312 00312 00000 00000 00000
00174 00017 00000 00312 00312 00000 00000 00000
00174 00017 00000 00312 00312 00000 00000 00000
00174 00018 00000 00312 00312 00000 00000 00000
00174 00018 00000 00312 00312 00000 00000 00000
00174 00017 00000 00312 00312 00000 00000 00000
00174 00018 00000 00312 00312 00000 00000 00000
00174 00018 00000 00312 00312 00000 00000 00000
00174 00018 00000 00312 00312 00000 00000 00000
00174 00017 00000 00312 00312 00000 00000 00000
00174 00018 00000 00312 00312 00000 00000 00000
00174 00018 00000 00312 00312 00000 00000 00000
00174 00017 00000 00312 00312 00000 00000 00000
00174 00017 00000 00312 00312 00000 00000 00000
00174 00018 00000 00312 00312 00000 00000 00000
00174 00018 00000 00312 00312 00000 00000 00000
00174 00017 00000 00312 00312 00000 00000 00000
00174 00018 00000 00312 00312 00000 00000 00000
00174 00018 00000 00312 00312 00000 00000 00000
00174 00018 00000 00312 00312 00000 00000 00000
00174 00017 00000 00312 00312 00000 00000 00000
00174 00018 00000 00312 00312 00000 00000 00000
00174 00018 00000 00312 00312 00000 00000 00000
00174 00011 00000 00312 00312 00000 00000 00000
00174 00017 00000 00312 00312 00000 00000 00000
00174 00018 00000 00312 00312 00000 00000 00000
00174 00018 00000 00312 00312 00000 00000 00000
00174 00017 00000 00312 00312 00000 00000 00000
00174 00018 00000 00312 00312 00000 00000 00000
00174 00018 00000 00312 00312 00000 00000 00000
00189 00023 00000 00312 00312 00000 00000 00000
00189 00022 00000 00312 00312 00000 00000 00000
00189 00022 00000 00312 00312 00000 00000 00000
00189 00022 00000 00312 00312 00000 00000 00000
00189 00023 00000 00312 00312 00000 00000 00000
00189 00022 00000 00312 00312 00000 00000 00000
00189 00022 00000 00312 00312 00000 00000 00000
00189 00022 00000 00312 00312 00000 00000 00000
00189 00022 00000 00312 00312 00000 00000 00000
00189 00022 00000 00312 00312 00000 00000 00000
00189 00022 00000 00312 00312 00000 00000 00000
00189 00023 00000 00312 00312 00000 00000 00000
00189 00022 00000 00312 00312 00000 00000 00000
00189 00022 00000 00312 00312 00000 00000 00000
00189 00022 00000 00312 00312 00000 00000 00000
00189 00023 00000 00312 00312 00000 00000 00000
00189 00022 00000 00312 00312 00000 00000 00000
00189 00022 00000 00312 00312 00000 00000 00000
00189 00022 00000 00312 00312 00000 00000 00000
00189 00022 00000 00312 00312 00000 00000 00000
00189 00022 00000 00312 00312 00000 00000 00000
00189 00022 00000 00312 00312 00000 00000 00000
00189 00023 00000 00312 00312 00000 00000 00000
00189 00022 00000 00312 00312 00000 00000 00000
00189 00022 00000 00312 00312 00000 00000 00000
00189 00022 00000 00312 00312 00000 00000 00000
00189 00023 00000 00312 00312 00000 00000 00000
00189 00022 00000 00312 00312 00000 00000 00000
00189 00022 00000 00312 00312 00000 00000 00000
00189 00022 00000 00312 00312 00000 00000 00000
00189 00022 00000 00312 00312 00000 00000 00000
00189 00022 00000 00312 00312 00000 00000 00000
00189 00022 00000 00312 00312 00000 00000 00000
00189 00025 00000 00312 00312 00000 00000 00000
00219 00030 00000 00312 00312 00000 00000 00000
00219 00030 00000 00312 00312 00000 00000 00000
00219 00031 00000 00312 00312 00000 00000 00000
00219 00031 00000 00312 00312 00000 00000 00000
00219 00030 00000 00312 00312 00000 00000 00000
00219 00030 00000 00312 00312 00000 00000 00000
00219 00031 00000 00312 00312 00000 00000 00000
00219 00030 00000 00312 00312 00000 00000 00000
00219 00030 00000 00312 00312 00000 00000 00000
00219 00030 00000 00312 00312 00000 00000 00000
00219 00031 00000 00312 00312 00000 00000 00000
00219 00030 00000 00312 00312 00000 00000 00000
00219 00030 00000 00312 00312 00000 00000 00000
00219 00031 00000 00312 00312 00000 00000 00000
00219 00031 00000 00312 00312 00000 00000 00000
00219 00030 00000 00312 00312 00000 00000 00000
00219 00030 00000 00312 00312 00000 00000 00000
00219 00031 00000 00312 00312 00000 00000 00000
00219 00031 00000 00312 00312 00000 00000 00000
00219 00030 00000 00312 00312 00000 00000 00000
00219 00030 00000 00312 00312 00000 00000 00000
00219 00031 00000 00312 00312 00000 00000 00000
00219 00030 00000 00312 00312 00000 00000 00000
00219 00030 00000 00312 00312 00000 00000 00000
00219 00031 00000 00312 00312 00000 00000 00000
00219 00031 00000 00312 00312 00000 00000 00000
00219 00030 00000 00312 00312 00000 00000 00000
00219 00030 00000 00312 00312 00000 00000 00000
00219 00031 00000 00312 00312 00000 00000 00000
00219 00031 00000 00312 00312 00000 00000 00000
00219 00030 00000 00312 00312 00000 00000 00000
00219 00030 00000 00312 00312 00000 00000 00000
00219 00031 00000 00312 00312 00000 00000 00000
00219 00030 00000 00312 00312 00000 00000 00000
00219 00030 00000 00312 00312 00000 00000 00000
00219 00031 00000 00312 00312 00000 00000 00000
00219 00031 00000 00312 00312 00000 00000 00000
00219 00028 00000 00312 00312 00000 00000 00000
00000 00000 00000 00312 00312 00000 00000 00000
00000 00000 00000 00312 00312 00000 00000 00000
00000 00000 00000 00312 00312 00000 00000 00000
00000 00000 00000 00312 00312 00000 00000 00000
00000 00000 00000 00312 00312 00000 00000 00000
00000 00000 00000 00312 00312 00000 00000 00000
00000 00000 00000 00312 00312 00000 00000 00000
00000 00000 00000 00312 00312 00000 00000 00000
00000 00000 00000 00312 00312 00000 00000 00000
00000 00000 00000 00312 00312 00000 00000 00000
00000 00000 00000 00312 00312 00000 00000 00000
00000 00000 00000 00312 00312 00000 00000 00000
00000 00000 00000 00312 00312 00000 00000 00000
00000 00000 00000 00312 00312 00000 00000 00000
