00000 00000 00000 00312 00312 00000 00000 00000
00000 00000 00000 00312 00312 00000 00000 00000
00000 00000 00000 00312 00312 00000 00000 00000
00000 00000 00000 00312 00312 00000 00000 00000
00000 00000 00000 00312 00312 00000 00000 00000
00000 00000 00000 00312 00312 00000 00000 00000
00000 00000 00000 00312 00312 00000 00000 00000
00000 00000 00000 00312 00312 00000 00000 00000
00000 00000 00000 00312 00312 00000 00000 00000
00000 00000 00000 00312 00312 00000 00000 00000
00000 00000 00000 00312 00312 00000 00000 00000
00000 00000 00000 00312 00312 00000 00000 00000
00000 00000 00000 00312 00312 00000 00000 00000
00000 00000 00000 00312 00312 00000 00000 00000
00000 00000 00000 00312 00312 00000 00000 00000
00000 00000 00000 00312 00312 00000 00000 00000
00000 00000 00000 00312 00312 00000 00000 00000
00000 00000 00000 00312 00312 00000 00000 00000
00000 00000 00000 00312 00312 00000 00000 00000
00000 00001 00000 00312 00312 00000 00000 00000
00000 00008 00000 00312 00312 00000 00000 00000
00234 00036 00000 00312 00312 00000 00000 00000
00234 00037 00000 00312 00312 00000 00000 00000
00234 00036 00000 00312 00312 00000 00000 00000
00234 00036 00000 00312 00312 00000 00000 00000
00234 00036 00000 00312 00312 00000 00000 00000
00234 00037 00000 00312 00312 00000 00000 00000
00234 00036 00000 00312 00312 00000 00000 00000
00234 00036 00000 00312 00312 00000 00000 00000
00234 00037 00000 00312 00312 00000 00000 00000
00234 00037 00000 00312 00312 00000 00000 00000
00234 00036 00000 00312 00312 00000 00000 00000
00234 00036 00000 00312 00312 00000 00000 00000
00234 00037 00000 00312 00312 00000 00000 00000
00234 00036 00000 00312 00312 00000 00000 00000
00234 00036 00000 00312 00312 00000 00000 00000
00234 00036 00000 00312 00312 00000 00000 00000
00234 00037 00000 00312 00312 00000 00000 00000
00234 00036 00000 00312 00312 00000 00000 00000
00234 00036 00000 00312 00312 00000 00000 00000
00234 00036 00000 00312 00312 00000 00000 00000
00234 00037 00000 00312 00312 00000 00000 00000
00234 00036 00000 00312 00312 00000 00000 00000
00234 00036 00000 00312 00312 00000 00000 00000
00234 00037 00000 00312 00312 00000 00000 00000
00234 00036 00000 00312 00312 00000 00000 00000
00234 00036 00000 00312 00312 00000 00000 00000
00234 00036 00000 00312 00312 00000 00000 00000
00234 00037 00000 00312 00312 00000 00000 00000
00234 00036 00000 00312 00312 00000 00000 00000
00234 00036 00000 00312 00312 00000 00000 00000
00234 00036 00000 00312 00312 00000 00000 00000
00234 00037 00000 00312 00312 00000 00000 00000
00234 00036 00000 00312 00312 00000 00000 00000
00234 00036 00000 00312 00312 00000 00000 00000
00234 00037 00000 00312 00312 00000 00000 00000
00234 00036 00000 00312 00312 00000 00000 00000
00234 00036 00000 00312 00312 00000 00000 00000
00234 00036 00000 00312 00312 00000 00000 00000
00234 00037 00000 00312 00312 00000 00000 00000
00234 00036 00000 00312 00312 00000 00000 00000
00234 00036 00000 00312 00312 00000 00000 00000
00234 00036 00000 00312 00312 00000 00000 00000
00234 00037 00000 00312 00312 00000 00000 00000
00234 00036 00000 00312 00312 00000 00000 00000
00234 00036 00000 00312 00312 00000 00000 00000
00234 00037 00000 00312 00312 00000 00000 00000
00234 00037 00000 00312 00312 00000 00000 00000
00234 00036 00000 00312 00312 00000 00000 00000
00234 00036 00000 00312 00312 00000 00000 00000
00234 00037 00000 00312 00312 00000 00000 00000
00234 00036 00000 00312 00312 00000 00000 00000
00234 00036 00000 00312 00312 00000 00000 00000
00234 00037 00000 00312 00312 00000 00000 00000
00249 00040 00000 00312 00312 00000 00000 00000
00249 00039 00000 00312 00312 00000 00000 00000
00249 00040 00000 00312 00312 00000 00000 00000
00249 00040 00000 00312 00312 00000 00000 00000
00249 00031 00000 00312 00312 00000 00000 00000
00249 00039 00000 00312 00312 00000 00000 00000
00249 00040 00000 00312 00312 00000 00000 00000
00249 00040 00000 00312 00312 00000 00000 00000
00249 00039 00000 00312 00312 00000 00000 00000
00249 00039 00000 00312 00312 00000 00000 00000
00249 00040 00000 00312 00312 00000 00000 00000
00249 00040 00000 00312 00312 00000 00000 00000
00249 00039 00000 00312 00312 00000 00000 00000
00249 00049 00000 00312 00312 00000 00000 00000
00249 00040 00000 00312 00312 00000 00000 00000
00249 00031 00000 00312 00312 00000 00000 00000
00249 00039 00000 00312 00312 00000 00000 00000
00249 00040 00000 00312 00312 00000 00000 00000
00249 00040 00000 00312 00312 00000 00000 00000
00249 00039 00000 00312 00312 00000 00000 00000
00249 00039 00000 00312 00312 00000 00000 00000
00249 00040 00000 00312 00312 00000 00000 00000
00249 00040 00000 00312 00312 00000 00000 00000
00249 00039 00000 00312 00312 00000 00000 00000
00249 00049 00000 00312 00312 00000 00000 00000
00249 00040 00000 00312 00312 00000 00000 00000
00249 00030 00000 00312 00312 00000 00000 00000
00249 00039 00000 00312 00312 00000 00000 00000
00249 00040 00000 00312 00312 00000 00000 00000
00249 00040 00000 00312 00312 00000 00000 00000
00249 00039 00000 00312 00312 00000 00000 00000
00249 00039 00000 00312 00312 00000 00000 00000
00249 00040 00000 00312 00312 00000 00000 00000
00249 00040 00000 00312 00312 00000 00000 00000
00249 00039 00000 00312 00312 00000 00000 00000
00249 00049 00000 00312 00312 00000 00000 00000
00249 00040 00000 00312 00312 00000 00000 00000
00249 00040 00000 00312 00312 00000 00000 00000
00249 00039 00000 00312 00312 00000 00000 00000
00249 00040 00000 00312 00312 00000 00000 00000
00249 00040 00000 00312 00312 00000 00000 00000
00249 00039 00000 00312 00312 00000 00000 00000
00249 00039 00000 00312 00312 00000 00000 00000
00249 00038 00000 00312 00312 00000 00000 00000
00189 00025 00000 00312 00312 00000 00000 00000
00189 00024 00000 00312 00312 00000 00000 00000
00189 00024 00000 00312 00312 00000 00000 00000
00189 00024 00000 00312 00312 00000 00000 00000
00189 00025 00000 00312 00312 00000 00000 00000
00189 00024 00000 00312 00312 00000 00000 00000
00189 00024 00000 00312 00312 00000 00000 00000
00189 00024 00000 00312 00312 00000 00000 00000
00189 00025 00000 00312 00312 00000 00000 00000
00189 00024 00000 00312 00312 00000 00000 00000
00189 00024 00000 00312 00312 00000 00000 00000
00189 00025 00000 00312 00312 00000 00000 00000
00189 00024 00000 00312 00312 00000 00000 00000
00189 00024 00000 00312 00312 00000 00000 00000
00189 00024 00000 00312 00312 00000 00000 00000
00189 00026 00000 00312 00312 00000 00000 00000
00219 00032 00000 00312 00312 00000 00000 00000
00219 00033 00000 00312 00312 00000 00000 00000
00219 00033 00000 00312 00312 00000 00000 00000
00219 00034 00000 00312 00312 00000 00000 00000
00219 00032 00000 00312 00312 00000 00000 00000
00219 00033 00000 00312 00312 00000 00000 00000
00219 00033 00000 00312 00312 00000 00000 00000
00219 00032 00000 00312 00312 00000 00000 00000
00219 00033 00000 00312 00312 00000 00000 00000
00219 00033 00000 00312 00312 00000 00000 00000
00219 00033 00000 00312 00312 00000 00000 00000
00219 00032 00000 00312 00312 00000 00000 00000
00219 00033 00000 00312 00312 00000 00000 00000
00219 00033 00000 00312 00312 00000 00000 00000
00219 00034 00000 00312 00312 00000 00000 00000
00219 00032 00000 00312 00312 00000 00000 00000
00219 00033 00000 00312 00312 00000 00000 00000
00219 00033 00000 00312 00312 00000 00000 00000
00219 00032 00000 00312 00312 00000 00000 00000
00219 00033 00000 00312 00312 00000 00000 00000
00219 00033 00000 00312 00312 00000 00000 00000
00219 00033 00000 00312 00312 00000 00000 00000
00219 00032 00000 00312 00312 00000 00000 00000
00219 00033 00000 00312 00312 00000 00000 00000
00219 00032 00000 00312 00312 00000 00000 00000
00204 00020 00000 00312 00312 00000 00000 00000
00204 00029 00000 00312 00312 00000 00000 00000
00204 00029 00000 00312 00312 00000 00000 00000
00204 00029 00000 00312 00312 00000 00000 00000
00204 00028 00000 00312 00312 00000 00000 00000
00204 00029 00000 00312 00312 00000 00000 00000
00204 00029 00000 00312 00312 00000 00000 00000
00204 00029 00000 00312 00312 00000 00000 00000
00204 00028 00000 00312 00312 00000 00000 00000
00204 00029 00000 00312 00312 00000 00000 00000
00204 00029 00000 00312 00312 00000 00000 00000
00204 00039 00000 00312 00312 00000 00000 00000
00204 00028 00000 00312 00312 00000 00000 00000
00204 00029 00000 00312 00312 00000 00000 00000
00204 00029 00000 00312 00312 00000 00000 00000
00204 00024 00000 00312 00312 00000 00000 00000
00204 00029 00000 00312 00312 00000 00000 00000
00204 00029 00000 00312 00312 00000 00000 00000
00204 00029 00000 00312 00312 00000 00000 00000
00204 00028 00000 00312 00312 00000 00000 00000
00204 00029 00000 00312 00312 00000 00000 00000
00204 00029 00000 00312 00312 00000 00000 00000
00204 00039 00000 00312 00312 00000 00000 00000
00204 00028 00000 00312 00312 00000 00000 00000
00204 00029 00000 00312 00312 00000 00000 00000
00204 00029 00000 00312 00312 00000 00000 00000
00204 00029 00000 00312 00312 00000 00000 00000
00174 00019 00000 00312 00312 00000 00000 00000
00174 00019 00000 00312 00312 00000 00000 00000
00174 00020 00000 00312 00312 00000 00000 00000
00174 00019 00000 00312 00312 00000 00000 00000
00174 00019 00000 00312 00312 00000 00000 00000
00174 00029 00000 00312 00312 00000 00000 00000
00174 00020 00000 00312 00312 00000 00000 00000
00174 00019 00000 00312 00312 00000 00000 00000
00174 00019 00000 00312 00312 00000 00000 00000
00174 00020 00000 00312 00312 00000 00000 00000
00174 00010 00000 00312 00312 00000 00000 00000
00174 00019 00000 00312 00312 00000 00000 00000
00174 00019 00000 00312 00312 00000 00000 00000
00174 00020 00000 00312 00312 00000 00000 00000
00174 00019 00000 00312 00312 00000 00000 00000
00174 00019 00000 00312 00312 00000 00000 00000
00174 00029 00000 00312 00312 00000 00000 00000
00174 00020 00000 00312 00312 00000 00000 00000
00174 00019 00000 00312 00312 00000 00000 00000
00174 00019 00000 00312 00312 00000 00000 00000
00174 00020 00000 00312 00312 00000 00000 00000
00174 00010 00000 00312 00312 00000 00000 00000
00174 00019 00000 00312 00312 00000 00000 00000
00174 00019 00000 00312 00312 00000 00000 00000
00174 00020 00000 00312 00312 00000 00000 00000
00174 00019 00000 00312 00312 00000 00000 00000
00174 00019 00000 00312 00312 00000 00000 00000
00174 00029 00000 00312 00312 00000 00000 00000
00174 00020 00000 00312 00312 00000 00000 00000
00174 00019 00000 00312 00312 00000 00000 00000
00174 00019 00000 00312 00312 00000 00000 00000
00174 00020 00000 00312 00312 00000 00000 00000
00174 00020 00000 00312 00312 00000 00000 00000
00174 00019 00000 00312 00312 00000 00000 00000
00174 00020 00000 00312 00312 00000 00000 00000
00189 00024 00000 00312 00312 00000 00000 00000
00189 00026 00000 00312 00312 00000 00000 00000
00189 00024 00000 00312 00312 00000 00000 00000
00189 00024 00000 00312 00312 00000 00000 00000
00189 00025 00000 00312 00312 00000 00000 00000
00189 00024 00000 00312 00312 00000 00000 00000
00189 00024 00000 00312 00312 00000 00000 00000
00189 00024 00000 00312 00312 00000 00000 00000
00189 00025 00000 00312 00312 00000 00000 00000
00189 00024 00000 00312 00312 00000 00000 00000
00189 00024 00000 00312 00312 00000 00000 00000
00189 00024 00000 00312 00312 00000 00000 00000
00189 00025 00000 00312 00312 00000 00000 00000
00189 00024 00000 00312 00312 00000 00000 00000
00189 00024 00000 00312 00312 00000 00000 00000
00189 00025 00000 00312 00312 00000 00000 00000
00189 00024 00000 00312 00312 00000 00000 00000
00189 00024 00000 00312 00312 00000 00000 00000
00189 00024 00000 00312 00312 00000 00000 00000
00189 00025 00000 00312 00312 00000 00000 00000
00189 00024 00000 00312 00312 00000 00000 00000
00189 00024 00000 00312 00312 00000 00000 00000
00189 00024 00000 00312 00312 00000 00000 00000
00189 00025 00000 00312 00312 00000 00000 00000
00189 00024 00000 00312 00312 00000 00000 00000
00189 00024 00000 00312 00312 00000 00000 00000
00189 00025 00000 00312 00312 00000 00000 00000
00189 00025 00000 00312 00312 00000 00000 00000
00219 00033 00000 00312 00312 00000 00000 00000
00219 00033 00000 00312 00312 00000 00000 00000
00219 00033 00000 00312 00312 00000 00000 00000
00219 00032 00000 00312 00312 00000 00000 00000
00219 00033 00000 00312 00312 00000 00000 00000
00219 00033 00000 00312 00312 00000 00000 00000
00219 00034 00000 00312 00312 00000 00000 00000
00219 00032 00000 00312 00312 00000 00000 00000
00219 00033 00000 00312 00312 00000 00000 00000
00219 00033 00000 00312 00312 00000 00000 00000
00219 00032 00000 00312 00312 00000 00000 00000
00219 00033 00000 00312 00312 00000 00000 00000
00219 00033 00000 00312 00312 00000 00000 00000
00219 00033 00000 00312 00312 00000 00000 00000
00219 00032 00000 00312 00312 00000 00000 00000
00219 00033 00000 00312 00312 00000 00000 00000
00219 00033 00000 00312 00312 00000 00000 00000
00219 00034 00000 00312 00312 00000 00000 00000
00219 00032 00000 00312 00312 00000 00000 00000
00219 00033 00000 00312 00312 00000 00000 00000
00219 00033 00000 00312 00312 00000 00000 00000
00219 00032 00000 00312 00312 00000 00000 00000
00219 00033 00000 00312 00312 00000 00000 00000
00219 00033 00000 00312 00312 00000 00000 00000
00219 00033 00000 00312 00312 00000 00000 00000
00219 00032 00000 00312 00312 00000 00000 00000
00219 00033 00000 00312 00312 00000 00000 00000
00219 00033 00000 00312 00312 00000 00000 00000
00219 00033 00000 00312 00312 00000 00000 00000
00219 00032 00000 00312 00312 00000 00000 00000
00219 00033 00000 00312 00312 00000 00000 00000
00219 00033 00000 00312 00312 00000 00000 00000
00219 00034 00000 00312 00312 00000 00000 00000
00219 00032 00000 00312 00312 00000 00000 00000
00219 00031 00000 00312 00312 00000 00000 00000
00000 00007 00000 00312 00312 00000 00000 00000
00000 00000 00000 00312 00312 00000 00000 00000
00000 00000 00000 00312 00312 00000 00000 00000
00000 00000 00000 00312 00312 00000 00000 00000
00000 00000 00000 00312 00312 00000 00000 00000
00000 00000 00000 00312 00312 00000 00000 00000
00000 00000 00000 00312 00312 00000 00000 00000
00000 00000 00000 00312 00312 00000 00000 00000
00000 00000 00000 00312 00312 00000 00000 00000
00000 00000 00000 00312 00312 00000 00000 00000
00000 00000 00000 00312 00312 00000 00000 00000
00000 00000 00000 00312 00312 00000 00000 00000
00000 00000 00000 00312 00312 00000 00000 00000
00000 00000 00000 00312 00312 00000 00000 00000
