00000 00000 00000 00312 00312 00000 00000 00000
00000 00000 00000 00312 00312 00000 00000 00000
00000 00000 00000 00312 00312 00000 00000 00000
00000 00000 00000 00312 00312 00000 00000 00000
00000 00000 00000 00312 00312 00000 00000 00000
00000 00000 00000 00312 00312 00000 00000 00000
00000 00000 00000 00312 00312 00000 00000 00000
00000 00000 00000 00312 00312 00000 00000 00000
00000 00000 00000 00312 00312 00000 00000 00000
00000 00000 00000 00312 00312 00000 00000 00000
00000 00000 00000 00312 00312 00000 00000 00000
00000 00000 00000 00312 00312 00000 00000 00000
00000 00000 00000 00312 00312 00000 00000 00000
00000 00000 00000 00312 00312 00000 00000 00000
00000 00000 00000 00312 00312 00000 00000 00000
00000 00000 00000 00312 00312 00000 00000 00000
00000 00000 00000 00312 00312 00000 00000 00000
00000 00000 00000 00312 00312 00000 00000 00000
00000 00001 00000 00312 00312 00000 00000 00000
00000 00005 00000 00312 00312 00000 00000 00000
00000 00018 00000 00312 00312 00000 00000 00000
00249 00048 00000 00312 00312 00000 00000 00000
00249 00047 00000 00312 00312 00000 00000 00000
00249 00048 00000 00312 00312 00000 00000 00000
00249 00048 00000 00312 00312 00000 00000 00000
00249 00047 00000 00312 00312 00000 00000 00000
00249 00047 00000 00312 00312 00000 00000 00000
00249 00048 00000 00312 00312 00000 00000 00000
00249 00048 00000 00312 00312 00000 00000 00000
00249 00047 00000 00312 00312 00000 00000 00000
00249 00047 00000 00312 00312 00000 00000 00000
00249 00048 00000 00312 00312 00000 00000 00000
00249 00048 00000 00312 00312 00000 00000 00000
00249 00047 00000 00312 00312 00000 00000 00000
00249 00048 00000 00312 00312 00000 00000 00000
00249 00048 00000 00312 00312 00000 00000 00000
00249 00047 00000 00312 00312 00000 00000 00000
00249 00047 00000 00312 00312 00000 00000 00000
00249 00048 00000 00312 00312 00000 00000 00000
00249 00048 00000 00312 00312 00000 00000 00000
00249 00047 00000 00312 00312 00000 00000 00000
00249 00047 00000 00312 00312 00000 00000 00000
00249 00048 00000 00312 00312 00000 00000 00000
00249 00048 00000 00312 00312 00000 00000 00000
00249 00047 00000 00312 00312 00000 00000 00000
00249 00048 00000 00312 00312 00000 00000 00000
00249 00048 00000 00312 00312 00000 00000 00000
00249 00047 00000 00312 00312 00000 00000 00000
00249 00047 00000 00312 00312 00000 00000 00000
00249 00048 00000 00312 00312 00000 00000 00000
00249 00048 00000 00312 00312 00000 00000 00000
00249 00047 00000 00312 00312 00000 00000 00000
00249 00047 00000 00312 00312 00000 00000 00000
00249 00048 00000 00312 00312 00000 00000 00000
00249 00048 00000 00312 00312 00000 00000 00000
00249 00047 00000 00312 00312 00000 00000 00000
00249 00047 00000 00312 00312 00000 00000 00000
00249 00043 00000 00312 00312 00000 00000 00000
00189 00031 00000 00312 00312 00000 00000 00000
00189 00031 00000 00312 00312 00000 00000 00000
00189 00031 00000 00312 00312 00000 00000 00000
00189 00031 00000 00312 00312 00000 00000 00000
00189 00031 00000 00312 00312 00000 00000 00000
00189 00031 00000 00312 00312 00000 00000 00000
00189 00031 00000 00312 00312 00000 00000 00000
00189 00032 00000 00312 00312 00000 00000 00000
00189 00031 00000 00312 00312 00000 00000 00000
00189 00031 00000 00312 00312 00000 00000 00000
00189 00031 00000 00312 00312 00000 00000 00000
00189 00032 00000 00312 00312 00000 00000 00000
00189 00031 00000 00312 00312 00000 00000 00000
00189 00031 00000 00312 00312 00000 00000 00000
00189 00031 00000 00312 00312 00000 00000 00000
00189 00031 00000 00312 00312 00000 00000 00000
00189 00031 00000 00312 00312 00000 00000 00000
00189 00031 00000 00312 00312 00000 00000 00000
00189 00031 00000 00312 00312 00000 00000 00000
00189 00031 00000 00312 00312 00000 00000 00000
00189 00031 00000 00312 00312 00000 00000 00000
00189 00031 00000 00312 00312 00000 00000 00000
00189 00032 00000 00312 00312 00000 00000 00000
00189 00031 00000 00312 00312 00000 00000 00000
00189 00031 00000 00312 00312 00000 00000 00000
00189 00031 00000 00312 00312 00000 00000 00000
00189 00031 00000 00312 00312 00000 00000 00000
00189 00031 00000 00312 00312 00000 00000 00000
00189 00031 00000 00312 00312 00000 00000 00000
00189 00031 00000 00312 00312 00000 00000 00000
00189 00031 00000 00312 00312 00000 00000 00000
00189 00031 00000 00312 00312 00000 00000 00000
00189 00032 00000 00312 00312 00000 00000 00000
00189 00033 00000 00312 00312 00000 00000 00000
00219 00040 00000 00312 00312 00000 00000 00000
00219 00040 00000 00312 00312 00000 00000 00000
00219 00041 00000 00312 00312 00000 00000 00000
00219 00040 00000 00312 00312 00000 00000 00000
00219 00040 00000 00312 00312 00000 00000 00000
00219 00040 00000 00312 00312 00000 00000 00000
00219 00041 00000 00312 00312 00000 00000 00000
00219 00040 00000 00312 00312 00000 00000 00000
00219 00040 00000 00312 00312 00000 00000 00000
00219 00041 00000 00312 00312 00000 00000 00000
00219 00041 00000 00312 00312 00000 00000 00000
00219 00040 00000 00312 00312 00000 00000 00000
00219 00040 00000 00312 00312 00000 00000 00000
00219 00041 00000 00312 00312 00000 00000 00000
00219 00040 00000 00312 00312 00000 00000 00000
00219 00040 00000 00312 00312 00000 00000 00000
00219 00040 00000 00312 00312 00000 00000 00000
00219 00041 00000 00312 00312 00000 00000 00000
00219 00040 00000 00312 00312 00000 00000 00000
00219 00040 00000 00312 00312 00000 00000 00000
00219 00041 00000 00312 00312 00000 00000 00000
00219 00041 00000 00312 00312 00000 00000 00000
00219 00040 00000 00312 00312 00000 00000 00000
00219 00040 00000 00312 00312 00000 00000 00000
00219 00041 00000 00312 00312 00000 00000 00000
00219 00041 00000 00312 00312 00000 00000 00000
00219 00040 00000 00312 00312 00000 00000 00000
00219 00040 00000 00312 00312 00000 00000 00000
00219 00041 00000 00312 00312 00000 00000 00000
00219 00039 00000 00312 00312 00000 00000 00000
00204 00036 00000 00312 00312 00000 00000 00000
00204 00037 00000 00312 00312 00000 00000 00000
00204 00037 00000 00312 00312 00000 00000 00000
00204 00036 00000 00312 00312 00000 00000 00000
00204 00036 00000 00312 00312 00000 00000 00000
00204 00037 00000 00312 00312 00000 00000 00000
00204 00037 00000 00312 00312 00000 00000 00000
00204 00036 00000 00312 00312 00000 00000 00000
00204 00036 00000 00312 00312 00000 00000 00000
00204 00037 00000 00312 00312 00000 00000 00000
00204 00036 00000 00312 00312 00000 00000 00000
00204 00036 00000 00312 00312 00000 00000 00000
00204 00037 00000 00312 00312 00000 00000 00000
00204 00037 00000 00312 00312 00000 00000 00000
00204 00036 00000 00312 00312 00000 00000 00000
00204 00036 00000 00312 00312 00000 00000 00000
00204 00037 00000 00312 00312 00000 00000 00000
00204 00037 00000 00312 00312 00000 00000 00000
00204 00036 00000 00312 00312 00000 00000 00000
00204 00036 00000 00312 00312 00000 00000 00000
00204 00037 00000 00312 00312 00000 00000 00000
00204 00036 00000 00312 00312 00000 00000 00000
00204 00036 00000 00312 00312 00000 00000 00000
00204 00037 00000 00312 00312 00000 00000 00000
00204 00037 00000 00312 00312 00000 00000 00000
00204 00036 00000 00312 00312 00000 00000 00000
00204 00036 00000 00312 00312 00000 00000 00000
00204 00037 00000 00312 00312 00000 00000 00000
00204 00037 00000 00312 00312 00000 00000 00000
00204 00036 00000 00312 00312 00000 00000 00000
00204 00036 00000 00312 00312 00000 00000 00000
00204 00037 00000 00312 00312 00000 00000 00000
00204 00036 00000 00312 00312 00000 00000 00000
00204 00036 00000 00312 00312 00000 00000 00000
00204 00034 00000 00312 00312 00000 00000 00000
00174 00026 00000 00312 00312 00000 00000 00000
00174 00025 00000 00312 00312 00000 00000 00000
00174 00025 00000 00312 00312 00000 00000 00000
00174 00026 00000 00312 00312 00000 00000 00000
00174 00026 00000 00312 00312 00000 00000 00000
00174 00025 00000 00312 00312 00000 00000 00000
00174 00025 00000 00312 00312 00000 00000 00000
00174 00026 00000 00312 00312 00000 00000 00000
00174 00020 00000 00312 00312 00000 00000 00000
00174 00025 00000 00312 00312 00000 00000 00000
00174 00025 00000 00312 00312 00000 00000 00000
00174 00026 00000 00312 00312 00000 00000 00000
00174 00025 00000 00312 00312 00000 00000 00000
00174 00025 00000 00312 00312 00000 00000 00000
00174 00025 00000 00312 00312 00000 00000 00000
00174 00026 00000 00312 00312 00000 00000 00000
00174 00025 00000 00312 00312 00000 00000 00000
00174 00025 00000 00312 00312 00000 00000 00000
00174 00026 00000 00312 00312 00000 00000 00000
00174 00026 00000 00312 00312 00000 00000 00000
00174 00025 00000 00312 00312 00000 00000 00000
00174 00025 00000 00312 00312 00000 00000 00000
00174 00026 00000 00312 00312 00000 00000 00000
00174 00025 00000 00312 00312 00000 00000 00000
00174 00025 00000 00312 00312 00000 00000 00000
00174 00025 00000 00312 00312 00000 00000 00000
00174 00026 00000 00312 00312 00000 00000 00000
00174 00025 00000 00312 00312 00000 00000 00000
00174 00025 00000 00312 00312 00000 00000 00000
00174 00026 00000 00312 00312 00000 00000 00000
00174 00026 00000 00312 00312 00000 00000 00000
00174 00025 00000 00312 00312 00000 00000 00000
00174 00025 00000 00312 00312 00000 00000 00000
00174 00026 00000 00312 00312 00000 00000 00000
00174 00025 00000 00312 00312 00000 00000 00000
00174 00025 00000 00312 00312 00000 00000 00000
00174 00026 00000 00312 00312 00000 00000 00000
00174 00028 00000 00312 00312 00000 00000 00000
00189 00031 00000 00312 00312 00000 00000 00000
00189 00031 00000 00312 00312 00000 00000 00000
00189 00031 00000 00312 00312 00000 00000 00000
00189 00032 00000 00312 00312 00000 00000 00000
00189 00031 00000 00312 00312 00000 00000 00000
00189 00031 00000 00312 00312 00000 00000 00000
00189 00031 00000 00312 00312 00000 00000 00000
00189 00031 00000 00312 00312 00000 00000 00000
00189 00031 00000 00312 00312 00000 00000 00000
00189 00031 00000 00312 00312 00000 00000 00000
00189 00031 00000 00312 00312 00000 00000 00000
00189 00031 00000 00312 00312 00000 00000 00000
00189 00031 00000 00312 00312 00000 00000 00000
00189 00031 00000 00312 00312 00000 00000 00000
00189 00032 00000 00312 00312 00000 00000 00000
00189 00031 00000 00312 00312 00000 00000 00000
00189 00031 00000 00312 00312 00000 00000 00000
00189 00031 00000 00312 00312 00000 00000 00000
00189 00031 00000 00312 00312 00000 00000 00000
00189 00031 00000 00312 00312 00000 00000 00000
00189 00031 00000 00312 00312 00000 00000 00000
00189 00031 00000 00312 00312 00000 00000 00000
00189 00031 00000 00312 00312 00000 00000 00000
00189 00031 00000 00312 00312 00000 00000 00000
00189 00031 00000 00312 00312 00000 00000 00000
00189 00032 00000 00312 00312 00000 00000 00000
00189 00031 00000 00312 00312 00000 00000 00000
00189 00031 00000 00312 00312 00000 00000 00000
00189 00031 00000 00312 00312 00000 00000 00000
00189 00032 00000 00312 00312 00000 00000 00000
00189 00031 00000 00312 00312 00000 00000 00000
00189 00031 00000 00312 00312 00000 00000 00000
00189 00032 00000 00312 00312 00000 00000 00000
00189 00031 00000 00312 00312 00000 00000 00000
00189 00035 00000 00312 00312 00000 00000 00000
00219 00040 00000 00312 00312 00000 00000 00000
00219 00041 00000 00312 00312 00000 00000 00000
00219 00040 00000 00312 00312 00000 00000 00000
00219 00040 00000 00312 00312 00000 00000 00000
00219 00041 00000 00312 00312 00000 00000 00000
00219 00041 00000 00312 00312 00000 00000 00000
00219 00040 00000 00312 00312 00000 00000 00000
00219 00040 00000 00312 00312 00000 00000 00000
00219 00041 00000 00312 00312 00000 00000 00000
00219 00040 00000 00312 00312 00000 00000 00000
00219 00040 00000 00312 00312 00000 00000 00000
00219 00040 00000 00312 00312 00000 00000 00000
00219 00041 00000 00312 00312 00000 00000 00000
00219 00040 00000 00312 00312 00000 00000 00000
00219 00040 00000 00312 00312 00000 00000 00000
00219 00041 00000 00312 00312 00000 00000 00000
00219 00041 00000 00312 00312 00000 00000 00000
00219 00040 00000 00312 00312 00000 00000 00000
00219 00040 00000 00312 00312 00000 00000 00000
00219 00041 00000 00312 00312 00000 00000 00000
00219 00040 00000 00312 00312 00000 00000 00000
00219 00040 00000 00312 00312 00000 00000 00000
00219 00040 00000 00312 00312 00000 00000 00000
00219 00041 00000 00312 00312 00000 00000 00000
00219 00040 00000 00312 00312 00000 00000 00000
00219 00040 00000 00312 00312 00000 00000 00000
00219 00041 00000 00312 00312 00000 00000 00000
00219 00041 00000 00312 00312 00000 00000 00000
00219 00040 00000 00312 00312 00000 00000 00000
00219 00040 00000 00312 00312 00000 00000 00000
00219 00041 00000 00312 00312 00000 00000 00000
00219 00040 00000 00312 00312 00000 00000 00000
00219 00040 00000 00312 00312 00000 00000 00000
00219 00040 00000 00312 00312 00000 00000 00000
00219 00041 00000 00312 00312 00000 00000 00000
00219 00040 00000 00312 00312 00000 00000 00000
00219 00039 00000 00312 00312 00000 00000 00000
00219 00033 00000 00312 00312 00000 00000 00000
00000 00000 00000 00312 00312 00000 00000 00000
00000 00000 00000 00312 00312 00000 00000 00000
00000 00000 00000 00312 00312 00000 00000 00000
00000 00000 00000 00312 00312 00000 00000 00000
00000 00000 00000 00312 00312 00000 00000 00000
00000 00000 00000 00312 00312 00000 00000 00000
00000 00000 00000 00312 00312 00000 00000 00000
00000 00000 00000 00312 00312 00000 00000 00000
00000 00000 00000 00312 00312 00000 00000 00000
00000 00000 00000 00312 00312 00000 00000 00000
00000 00000 00000 00312 00312 00000 00000 00000
00000 00000 00000 00312 00312 00000 00000 00000
00000 00000 00000 00312 00312 00000 00000 00000
00000 00000 00000 00312 00312 00000 00000 00000
00000 00000 00000 00312 00312 00000 00000 00000
00000 00000 00000 00312 00312 00000 00000 00000
00000 00000 00000 00312 00312 00000 00000 00000
00000 00000 00000 00312 00312 00000 00000 00000
00000 00000 00000 00312 00312 00000 00000 00000
00000 00000 00000 00312 00312 00000 00000 00000
00000 00000 00000 00312 00312 00000 00000 00000
00000 00000 00000 00312 00312 00000 00000 00000
00000 00000 00000 00312 00312 00000 00000 00000
00000 00000 00000 00312 00312 00000 00000 00000
00000 00000 00000 00312 00312 00000 00000 00000
00000 00000 00000 00312 00312 00000 00000 00000
00000 00000 00000 00312 00312 00000 00000 00000
00000 00000 00000 00312 00312 00000 00000 00000
