00000 00000 00000 00312 00312 00000 00000 00000
00000 00000 00000 00312 00312 00000 00000 00000
00000 00000 00000 00312 00312 00000 00000 00000
00000 00000 00000 00312 00312 00000 00000 00000
00000 00000 00000 00312 00312 00000 00000 00000
00000 00000 00000 00312 00312 00000 00000 00000
00000 00000 00000 00312 00312 00000 00000 00000
00000 00000 00000 00312 00312 00000 00000 00000
00000 00000 00000 00312 00312 00000 00000 00000
00000 00000 00000 00312 00312 00000 00000 00000
00000 00000 00000 00312 00312 00000 00000 00000
00000 00000 00000 00312 00312 00000 00000 00000
00000 00000 00000 00312 00312 00000 00000 00000
00000 00000 00000 00312 00312 00000 00000 00000
00000 00000 00000 00312 00312 00000 00000 00000
00000 00000 00000 00312 00312 00000 00000 00000
00000 00000 00000 00312 00312 00000 00000 00000
00000 00000 00000 00312 00312 00000 00000 00000
00000 00000 00000 00312 00312 00000 00000 00000
00000 00000 00000 00312 00312 00000 00000 00000
00000 00000 00000 00312 00312 00000 00000 00000
00000 00000 00000 00312 00312 00000 00000 00000
00000 00000 00000 00312 00312 00000 00000 00000
00000 00000 00000 00312 00312 00000 00000 00000
00000 00000 00000 00312 00312 00000 00000 00000
00000 00000 00000 00312 00312 00000 00000 00000
00000 00000 00000 00312 00312 00000 00000 00000
00000 00000 00000 00312 00312 00000 00000 00000
00000 00000 00000 00312 00312 00000 00000 00000
00000 00000 00000 00312 00312 00000 00000 00000
00000 00003 00000 00312 00312 00000 00000 00000
00234 00022 00000 00312 00312 00000 00000 00000
00234 00021 00000 00312 00312 00000 00000 00000
00234 00021 00000 00312 00312 00000 00000 00000
00234 00022 00000 00312 00312 00000 00000 00000
00234 00022 00000 00312 00312 00000 00000 00000
00234 00021 00000 00312 00312 00000 00000 00000
00234 00021 00000 00312 00312 00000 00000 00000
00234 00022 00000 00312 00312 00000 00000 00000
00234 00023 00000 00312 00312 00000 00000 00000
00234 00021 00000 00312 00312 00000 00000 00000
00234 00021 00000 00312 00312 00000 00000 00000
00234 00022 00000 00312 00312 00000 00000 00000
00234 00021 00000 00312 00312 00000 00000 00000
00234 00021 00000 00312 00312 00000 00000 00000
00234 00022 00000 00312 00312 00000 00000 00000
00234 00022 00000 00312 00312 00000 00000 00000
00234 00021 00000 00312 00312 00000 00000 00000
00234 00021 00000 00312 00312 00000 00000 00000
00234 00022 00000 00312 00312 00000 00000 00000
00234 00023 00000 00312 00312 00000 00000 00000
00234 00021 00000 00312 00312 00000 00000 00000
00234 00021 00000 00312 00312 00000 00000 00000
00234 00022 00000 00312 00312 00000 00000 00000
00234 00021 00000 00312 00312 00000 00000 00000
00234 00021 00000 00312 00312 00000 00000 00000
00234 00022 00000 00312 00312 00000 00000 00000
00234 00022 00000 00312 00312 00000 00000 00000
00234 00021 00000 00312 00312 00000 00000 00000
00234 00021 00000 00312 00312 00000 00000 00000
00234 00022 00000 00312 00312 00000 00000 00000
00234 00023 00000 00312 00312 00000 00000 00000
00234 00021 00000 00312 00312 00000 00000 00000
00234 00021 00000 00312 00312 00000 00000 00000
00234 00022 00000 00312 00312 00000 00000 00000
00234 00021 00000 00312 00312 00000 00000 00000
00234 00021 00000 00312 00312 00000 00000 00000
00234 00022 00000 00312 00312 00000 00000 00000
00249 00025 00000 00312 00312 00000 00000 00000
00249 00023 00000 00312 00312 00000 00000 00000
00249 00024 00000 00312 00312 00000 00000 00000
00249 00024 00000 00312 00312 00000 00000 00000
00249 00025 00000 00312 00312 00000 00000 00000
00249 00023 00000 00312 00312 00000 00000 00000
00249 00024 00000 00312 00312 00000 00000 00000
00249 00024 00000 00312 00312 00000 00000 00000
00249 00023 00000 00312 00312 00000 00000 00000
00249 00023 00000 00312 00312 00000 00000 00000
00249 00024 00000 00312 00312 00000 00000 00000
00249 00025 00000 00312 00312 00000 00000 00000
00249 00023 00000 00312 00312 00000 00000 00000
00249 00024 00000 00312 00312 00000 00000 00000
00249 00024 00000 00312 00312 00000 00000 00000
00249 00025 00000 00312 00312 00000 00000 00000
00249 00023 00000 00312 00312 00000 00000 00000
00249 00024 00000 00312 00312 00000 00000 00000
00249 00024 00000 00312 00312 00000 00000 00000
00249 00025 00000 00312 00312 00000 00000 00000
00249 00023 00000 00312 00312 00000 00000 00000
00249 00024 00000 00312 00312 00000 00000 00000
00249 00025 00000 00312 00312 00000 00000 00000
00249 00023 00000 00312 00312 00000 00000 00000
00249 00023 00000 00312 00312 00000 00000 00000
00249 00024 00000 00312 00312 00000 00000 00000
00249 00025 00000 00312 00312 00000 00000 00000
00249 00023 00000 00312 00312 00000 00000 00000
00249 00024 00000 00312 00312 00000 00000 00000
00249 00024 00000 00312 00312 00000 00000 00000
00249 00025 00000 00312 00312 00000 00000 00000
00249 00023 00000 00312 00312 00000 00000 00000
00249 00024 00000 00312 00312 00000 00000 00000
00249 00025 00000 00312 00312 00000 00000 00000
00249 00022 00000 00312 00312 00000 00000 00000
00189 00013 00000 00312 00312 00000 00000 00000
00189 00013 00000 00312 00312 00000 00000 00000
00189 00013 00000 00312 00312 00000 00000 00000
00189 00012 00000 00312 00312 00000 00000 00000
00189 00013 00000 00312 00312 00000 00000 00000
00189 00013 00000 00312 00312 00000 00000 00000
00219 00010 00000 00312 00312 00000 00000 00000
00219 00018 00000 00312 00312 00000 00000 00000
00219 00019 00000 00312 00312 00000 00000 00000
00219 00019 00000 00312 00312 00000 00000 00000
00219 00018 00000 00312 00312 00000 00000 00000
00219 00018 00000 00312 00312 00000 00000 00000
00219 00019 00000 00312 00312 00000 00000 00000
00219 00020 00000 00312 00312 00000 00000 00000
00219 00018 00000 00312 00312 00000 00000 00000
00219 00019 00000 00312 00312 00000 00000 00000
00219 00019 00000 00312 00312 00000 00000 00000
00219 00010 00000 00312 00312 00000 00000 00000
00219 00018 00000 00312 00312 00000 00000 00000
00219 00019 00000 00312 00312 00000 00000 00000
00219 00019 00000 00312 00312 00000 00000 00000
00219 00018 00000 00312 00312 00000 00000 00000
00219 00018 00000 00312 00312 00000 00000 00000
00219 00019 00000 00312 00312 00000 00000 00000
00219 00029 00000 00312 00312 00000 00000 00000
00219 00018 00000 00312 00312 00000 00000 00000
00219 00019 00000 00312 00312 00000 00000 00000
00219 00019 00000 00312 00312 00000 00000 00000
00219 00020 00000 00312 00312 00000 00000 00000
00219 00018 00000 00312 00312 00000 00000 00000
00219 00019 00000 00312 00312 00000 00000 00000
00219 00019 00000 00312 00312 00000 00000 00000
00219 00018 00000 00312 00312 00000 00000 00000
00219 00018 00000 00312 00312 00000 00000 00000
00219 00019 00000 00312 00312 00000 00000 00000
00219 00029 00000 00312 00312 00000 00000 00000
00219 00018 00000 00312 00312 00000 00000 00000
00219 00019 00000 00312 00312 00000 00000 00000
00219 00019 00000 00312 00312 00000 00000 00000
00219 00020 00000 00312 00312 00000 00000 00000
00219 00018 00000 00312 00312 00000 00000 00000
00189 00014 00000 00312 00312 00000 00000 00000
00189 00013 00000 00312 00312 00000 00000 00000
00189 00014 00000 00312 00312 00000 00000 00000
00189 00013 00000 00312 00312 00000 00000 00000
00189 00013 00000 00312 00312 00000 00000 00000
00189 00013 00000 00312 00312 00000 00000 00000
00189 00012 00000 00312 00312 00000 00000 00000
00189 00013 00000 00312 00312 00000 00000 00000
00189 00013 00000 00312 00312 00000 00000 00000
00189 00013 00000 00312 00312 00000 00000 00000
00189 00012 00000 00312 00312 00000 00000 00000
00189 00013 00000 00312 00312 00000 00000 00000
00189 00013 00000 00312 00312 00000 00000 00000
00174 00011 00000 00312 00312 00000 00000 00000
00174 00010 00000 00312 00312 00000 00000 00000
00174 00010 00000 00312 00312 00000 00000 00000
00174 00010 00000 00312 00312 00000 00000 00000
00174 00010 00000 00312 00312 00000 00000 00000
00174 00010 00000 00312 00312 00000 00000 00000
00174 00010 00000 00312 00312 00000 00000 00000
00174 00010 00000 00312 00312 00000 00000 00000
00174 00010 00000 00312 00312 00000 00000 00000
00174 00010 00000 00312 00312 00000 00000 00000
00174 00010 00000 00312 00312 00000 00000 00000
00174 00011 00000 00312 00312 00000 00000 00000
00174 00010 00000 00312 00312 00000 00000 00000
00174 00010 00000 00312 00312 00000 00000 00000
00174 00010 00000 00312 00312 00000 00000 00000
00174 00010 00000 00312 00312 00000 00000 00000
00174 00010 00000 00312 00312 00000 00000 00000
00174 00010 00000 00312 00312 00000 00000 00000
00174 00010 00000 00312 00312 00000 00000 00000
00174 00010 00000 00312 00312 00000 00000 00000
00174 00010 00000 00312 00312 00000 00000 00000
00174 00010 00000 00312 00312 00000 00000 00000
00174 00011 00000 00312 00312 00000 00000 00000
00174 00010 00000 00312 00312 00000 00000 00000
00174 00010 00000 00312 00312 00000 00000 00000
00174 00010 00000 00312 00312 00000 00000 00000
00174 00010 00000 00312 00312 00000 00000 00000
00174 00010 00000 00312 00312 00000 00000 00000
00189 00013 00000 00312 00312 00000 00000 00000
00189 00013 00000 00312 00312 00000 00000 00000
00189 00012 00000 00312 00312 00000 00000 00000
00189 00013 00000 00312 00312 00000 00000 00000
00189 00013 00000 00312 00312 00000 00000 00000
00189 00013 00000 00312 00312 00000 00000 00000
00189 00013 00000 00312 00312 00000 00000 00000
00189 00013 00000 00312 00312 00000 00000 00000
00189 00013 00000 00312 00312 00000 00000 00000
00189 00014 00000 00312 00312 00000 00000 00000
00189 00013 00000 00312 00312 00000 00000 00000
00189 00013 00000 00312 00312 00000 00000 00000
00189 00013 00000 00312 00312 00000 00000 00000
00189 00012 00000 00312 00312 00000 00000 00000
00189 00013 00000 00312 00312 00000 00000 00000
00189 00013 00000 00312 00312 00000 00000 00000
00189 00013 00000 00312 00312 00000 00000 00000
00189 00013 00000 00312 00312 00000 00000 00000
00189 00013 00000 00312 00312 00000 00000 00000
00189 00013 00000 00312 00312 00000 00000 00000
00189 00014 00000 00312 00312 00000 00000 00000
00189 00013 00000 00312 00312 00000 00000 00000
00189 00013 00000 00312 00312 00000 00000 00000
00189 00013 00000 00312 00312 00000 00000 00000
00189 00012 00000 00312 00312 00000 00000 00000
00189 00013 00000 00312 00312 00000 00000 00000
00189 00013 00000 00312 00312 00000 00000 00000
00189 00013 00000 00312 00312 00000 00000 00000
00189 00012 00000 00312 00312 00000 00000 00000
00189 00013 00000 00312 00312 00000 00000 00000
00219 00018 00000 00312 00312 00000 00000 00000
00219 00010 00000 00312 00312 00000 00000 00000
00219 00018 00000 00312 00312 00000 00000 00000
00219 00019 00000 00312 00312 00000 00000 00000
00219 00019 00000 00312 00312 00000 00000 00000
00219 00018 00000 00312 00312 00000 00000 00000
00219 00018 00000 00312 00312 00000 00000 00000
00219 00019 00000 00312 00312 00000 00000 00000
00219 00020 00000 00312 00312 00000 00000 00000
00219 00018 00000 00312 00312 00000 00000 00000
00219 00019 00000 00312 00312 00000 00000 00000
00219 00019 00000 00312 00312 00000 00000 00000
00219 00010 00000 00312 00312 00000 00000 00000
00219 00018 00000 00312 00312 00000 00000 00000
00219 00019 00000 00312 00312 00000 00000 00000
00219 00019 00000 00312 00312 00000 00000 00000
00219 00018 00000 00312 00312 00000 00000 00000
00219 00018 00000 00312 00312 00000 00000 00000
00219 00019 00000 00312 00312 00000 00000 00000
00219 00020 00000 00312 00312 00000 00000 00000
00219 00018 00000 00312 00312 00000 00000 00000
00219 00019 00000 00312 00312 00000 00000 00000
00219 00019 00000 00312 00312 00000 00000 00000
00219 00020 00000 00312 00312 00000 00000 00000
00219 00018 00000 00312 00312 00000 00000 00000
00219 00019 00000 00312 00312 00000 00000 00000
00219 00019 00000 00312 00312 00000 00000 00000
00219 00010 00000 00312 00312 00000 00000 00000
00219 00018 00000 00312 00312 00000 00000 00000
00219 00017 00000 00312 00312 00000 00000 00000
00000 00000 00000 00312 00312 00000 00000 00000
00000 00000 00000 00312 00312 00000 00000 00000
00000 00000 00000 00312 00312 00000 00000 00000
00000 00000 00000 00312 00312 00000 00000 00000
00000 00000 00000 00312 00312 00000 00000 00000
00000 00000 00000 00312 00312 00000 00000 00000
00000 00000 00000 00312 00312 00000 00000 00000
00000 00000 00000 00312 00312 00000 00000 00000
00000 00000 00000 00312 00312 00000 00000 00000
00000 00000 00000 00312 00312 00000 00000 00000
00000 00000 00000 00312 00312 00000 00000 00000
00000 00000 00000 00312 00312 00000 00000 00000
00000 00000 00000 00312 00312 00000 00000 00000
