00000 00000 00000 00312 00312 00000 00000 00000
00000 00000 00000 00312 00312 00000 00000 00000
00000 00000 00000 00312 00312 00000 00000 00000
00000 00000 00000 00312 00312 00000 00000 00000
00000 00000 00000 00312 00312 00000 00000 00000
00000 00000 00000 00312 00312 00000 00000 00000
00000 00000 00000 00312 00312 00000 00000 00000
00000 00000 00000 00312 00312 00000 00000 00000
00000 00000 00000 00312 00312 00000 00000 00000
00000 00000 00000 00312 00312 00000 00000 00000
00000 00000 00000 00312 00312 00000 00000 00000
00000 00000 00000 00312 00312 00000 00000 00000
00000 00000 00000 00312 00312 00000 00000 00000
00000 00000 00000 00312 00312 00000 00000 00000
00000 00000 00000 00312 00312 00000 00000 00000
00000 00000 00000 00312 00312 00000 00000 00000
00000 00000 00000 00312 00312 00000 00000 00000
00000 00000 00000 00312 00312 00000 00000 00000
00000 00000 00000 00312 00312 00000 00000 00000
00000 00000 00000 00312 00312 00000 00000 00000
00000 00000 00000 00312 00312 00000 00000 00000
00000 00000 00000 00312 00312 00000 00000 00000
00000 00000 00000 00312 00312 00000 00000 00000
00000 00000 00000 00312 00312 00000 00000 00000
00000 00000 00000 00312 00312 00000 00000 00000
00000 00000 00000 00312 00312 00000 00000 00000
00000 00000 00000 00312 00312 00000 00000 00000
00000 00002 00000 00312 00312 00000 00000 00000
00000 00006 00000 00312 00312 00000 00000 00000
00000 00021 00000 00312 00312 00000 00000 00000
00219 00043 00000 00312 00312 00000 00000 00000
00219 00042 00000 00312 00312 00000 00000 00000
00219 00042 00000 00312 00312 00000 00000 00000
00219 00042 00000 00312 00312 00000 00000 00000
00219 00043 00000 00312 00312 00000 00000 00000
00219 00042 00000 00312 00312 00000 00000 00000
00219 00042 00000 00312 00312 00000 00000 00000
00219 00043 00000 00312 00312 00000 00000 00000
00219 00043 00000 00312 00312 00000 00000 00000
00219 00042 00000 00312 00312 00000 00000 00000
00219 00042 00000 00312 00312 00000 00000 00000
00219 00043 00000 00312 00312 00000 00000 00000
00219 00042 00000 00312 00312 00000 00000 00000
00219 00042 00000 00312 00312 00000 00000 00000
00219 00042 00000 00312 00312 00000 00000 00000
00219 00043 00000 00312 00312 00000 00000 00000
00219 00042 00000 00312 00312 00000 00000 00000
00219 00042 00000 00312 00312 00000 00000 00000
00219 00043 00000 00312 00312 00000 00000 00000
00219 00043 00000 00312 00312 00000 00000 00000
00219 00042 00000 00312 00312 00000 00000 00000
00219 00042 00000 00312 00312 00000 00000 00000
00219 00043 00000 00312 00312 00000 00000 00000
00219 00043 00000 00312 00312 00000 00000 00000
00219 00042 00000 00312 00312 00000 00000 00000
00219 00042 00000 00312 00312 00000 00000 00000
00219 00043 00000 00312 00312 00000 00000 00000
00219 00042 00000 00312 00312 00000 00000 00000
00219 00042 00000 00312 00312 00000 00000 00000
00219 00042 00000 00312 00312 00000 00000 00000
00219 00041 00000 00312 00312 00000 00000 00000
00204 00038 00000 00312 00312 00000 00000 00000
00204 00039 00000 00312 00312 00000 00000 00000
00204 00039 00000 00312 00312 00000 00000 00000
00204 00039 00000 00312 00312 00000 00000 00000
00204 00038 00000 00312 00312 00000 00000 00000
00204 00039 00000 00312 00312 00000 00000 00000
00204 00039 00000 00312 00312 00000 00000 00000
00204 00038 00000 00312 00312 00000 00000 00000
00204 00038 00000 00312 00312 00000 00000 00000
00204 00039 00000 00312 00312 00000 00000 00000
00204 00039 00000 00312 00312 00000 00000 00000
00204 00038 00000 00312 00312 00000 00000 00000
00204 00038 00000 00312 00312 00000 00000 00000
00204 00039 00000 00312 00312 00000 00000 00000
00204 00039 00000 00312 00312 00000 00000 00000
00204 00038 00000 00312 00312 00000 00000 00000
00204 00038 00000 00312 00312 00000 00000 00000
00204 00034 00000 00312 00312 00000 00000 00000
00174 00027 00000 00312 00312 00000 00000 00000
00174 00027 00000 00312 00312 00000 00000 00000
00174 00027 00000 00312 00312 00000 00000 00000
00174 00027 00000 00312 00312 00000 00000 00000
00174 00027 00000 00312 00312 00000 00000 00000
00174 00027 00000 00312 00312 00000 00000 00000
00174 00027 00000 00312 00312 00000 00000 00000
00174 00028 00000 00312 00312 00000 00000 00000
00174 00027 00000 00312 00312 00000 00000 00000
00174 00027 00000 00312 00312 00000 00000 00000
00174 00027 00000 00312 00312 00000 00000 00000
00174 00027 00000 00312 00312 00000 00000 00000
00174 00027 00000 00312 00312 00000 00000 00000
00174 00027 00000 00312 00312 00000 00000 00000
00174 00027 00000 00312 00312 00000 00000 00000
00174 00027 00000 00312 00312 00000 00000 00000
00174 00027 00000 00312 00312 00000 00000 00000
00174 00027 00000 00312 00312 00000 00000 00000
00174 00028 00000 00312 00312 00000 00000 00000
00174 00029 00000 00312 00312 00000 00000 00000
00189 00033 00000 00312 00312 00000 00000 00000
00189 00033 00000 00312 00312 00000 00000 00000
00189 00033 00000 00312 00312 00000 00000 00000
00189 00033 00000 00312 00312 00000 00000 00000
00189 00033 00000 00312 00312 00000 00000 00000
00189 00033 00000 00312 00312 00000 00000 00000
00189 00033 00000 00312 00312 00000 00000 00000
00189 00033 00000 00312 00312 00000 00000 00000
00189 00033 00000 00312 00312 00000 00000 00000
00189 00033 00000 00312 00312 00000 00000 00000
00189 00033 00000 00312 00312 00000 00000 00000
00189 00033 00000 00312 00312 00000 00000 00000
00189 00033 00000 00312 00312 00000 00000 00000
00189 00034 00000 00312 00312 00000 00000 00000
00189 00033 00000 00312 00312 00000 00000 00000
00189 00033 00000 00312 00312 00000 00000 00000
00189 00033 00000 00312 00312 00000 00000 00000
00189 00033 00000 00312 00312 00000 00000 00000
00189 00033 00000 00312 00312 00000 00000 00000
00189 00033 00000 00312 00312 00000 00000 00000
00189 00033 00000 00312 00312 00000 00000 00000
00189 00033 00000 00312 00312 00000 00000 00000
00189 00033 00000 00312 00312 00000 00000 00000
00189 00034 00000 00312 00312 00000 00000 00000
00189 00040 00000 00312 00312 00000 00000 00000
00219 00042 00000 00312 00312 00000 00000 00000
00219 00042 00000 00312 00312 00000 00000 00000
00219 00043 00000 00312 00312 00000 00000 00000
00219 00042 00000 00312 00312 00000 00000 00000
00219 00042 00000 00312 00312 00000 00000 00000
00219 00042 00000 00312 00312 00000 00000 00000
00219 00043 00000 00312 00312 00000 00000 00000
00219 00042 00000 00312 00312 00000 00000 00000
00219 00042 00000 00312 00312 00000 00000 00000
00219 00043 00000 00312 00312 00000 00000 00000
00219 00043 00000 00312 00312 00000 00000 00000
00219 00042 00000 00312 00312 00000 00000 00000
00219 00042 00000 00312 00312 00000 00000 00000
00219 00043 00000 00312 00312 00000 00000 00000
00219 00042 00000 00312 00312 00000 00000 00000
00219 00041 00000 00312 00312 00000 00000 00000
00204 00039 00000 00312 00312 00000 00000 00000
00204 00039 00000 00312 00312 00000 00000 00000
00204 00038 00000 00312 00312 00000 00000 00000
00204 00038 00000 00312 00312 00000 00000 00000
00204 00039 00000 00312 00312 00000 00000 00000
00204 00049 00000 00312 00312 00000 00000 00000
00204 00038 00000 00312 00312 00000 00000 00000
00204 00039 00000 00312 00312 00000 00000 00000
00204 00039 00000 00312 00312 00000 00000 00000
00204 00038 00000 00312 00312 00000 00000 00000
00204 00038 00000 00312 00312 00000 00000 00000
00204 00039 00000 00312 00312 00000 00000 00000
00204 00039 00000 00312 00312 00000 00000 00000
00204 00038 00000 00312 00312 00000 00000 00000
00204 00038 00000 00312 00312 00000 00000 00000
00204 00038 00000 00312 00312 00000 00000 00000
00204 00037 00000 00312 00312 00000 00000 00000
00204 00025 00000 00312 00312 00000 00000 00000
00000 00000 00000 00312 00312 00000 00000 00000
00000 00000 00000 00312 00312 00000 00000 00000
00000 00000 00000 00312 00312 00000 00000 00000
00000 00000 00000 00312 00312 00000 00000 00000
00000 00000 00000 00312 00312 00000 00000 00000
00000 00000 00000 00312 00312 00000 00000 00000
00000 00000 00000 00312 00312 00000 00000 00000
00000 00000 00000 00312 00312 00000 00000 00000
00000 00000 00000 00312 00312 00000 00000 00000
00000 00000 00000 00312 00312 00000 00000 00000
00000 00000 00000 00312 00312 00000 00000 00000
00000 00000 00000 00312 00312 00000 00000 00000
