0.00
0.00
0.00
0.00
0.00
0.00
0.00
0.00
0.00
0.00
0.00
0.00
0.00
0.00
0.00
0.00
0.00
0.00
0.00
0.00
0.00
0.00
0.00
0.03
0.06
0.11
0.13
0.14
0.16
0.19
0.20
0.21
0.22
0.22
0.23
0.25
0.24
0.25
0.25
0.27
0.27
0.28
0.27
0.27
0.29
0.30
0.30
0.28
0.28
0.28
0.29
0.30
0.31
0.29
0.30
0.30
0.31
0.30
0.30
0.29
0.29
0.30
0.31
0.31
0.30
0.30
0.29
0.31
0.31
0.31
0.30
0.30
0.30
0.30
0.30
0.30
0.30
0.31
0.30
0.30
0.30
0.31
0.31
0.31
0.30
0.30
0.30
0.31
0.30
0.30
0.30
0.30
0.31
0.31
0.32
0.30
0.30
0.30
0.30
0.30
0.31
0.29
0.28
0.29
0.31
0.30
0.29
0.30
0.30
0.31
0.31
0.30
0.29
0.31
0.30
0.31
0.31
0.30
0.30
0.31
0.31
0.30
0.30
0.30
0.30
0.30
0.30
0.30
0.29
0.29
0.30
0.30
0.30
0.29
0.31
0.30
0.31
0.30
0.29
0.29
0.31
0.30
0.31
0.29
0.29
0.30
0.31
0.31
0.30
0.29
0.29
0.31
0.30
0.30
0.29
0.30
0.30
0.30
0.31
0.30
0.30
0.30
0.31
0.31
0.30
0.30
0.30
0.30
0.31
0.31
0.30
0.30
0.31
0.31
0.31
0.30
0.31
0.29
0.31
0.31
0.30
0.30
0.31
0.31
0.31
0.30
0.30
0.31
0.32
0.32
0.30
0.29
0.30
0.30
0.30
0.31
0.30
0.30
0.30
0.31
0.31
0.31
0.29
0.29
0.31
0.31
0.31
0.29
0.31
0.31
0.31
0.30
0.31
0.29
0.30
0.30
0.30
0.29
0.29
0.29
0.29
0.30
0.29
0.30
0.30
0.30
0.31
0.30
0.30
0.29
0.29
0.30
0.31
0.30
0.30
0.31
0.31
0.32
0.30
0.30
0.30
0.31
0.30
0.30
0.29
0.29
0.30
0.31
0.31
0.29
0.30
0.30
0.31
0.31
0.31
0.29
0.30
0.30
0.31
0.31
0.30
0.31
0.29
0.31
0.31
0.31
0.30
0.30
0.30
0.29
0.29
0.30
0.29
0.30
0.30
0.30
0.29
0.30
0.30
0.31
0.29
0.29
0.30
0.31
0.30
0.30
0.29
0.30
0.31
0.31
0.31
0.29
0.29
0.30
0.31
0.30
0.31
0.30
0.29
0.30
0.31
0.31
0.31
0.31
0.30
0.32
0.31
0.31
0.29
0.30
0.29
0.31
0.30
0.30
0.30
0.31
0.30
0.30
0.30
0.30
0.30
0.30
0.30
0.30
0.30
0.31
0.30
0.31
0.30
0.29
0.30
0.30
0.30
0.29
0.29
0.29
0.30
0.30
0.31
0.30
0.29
0.30
0.31
0.31
0.30
0.29
0.29
0.30
0.31
0.31
0.30
0.31
0.30
0.31
0.30
0.30
0.29
0.31
0.30
0.29
0.29
0.30
0.29
0.29
0.30
0.30
0.30
0.34
0.31
0.30
0.30
0.30
0.30
0.30
0.31
0.30
0.30
0.30
0.30
0.30
0.32
0.30
0.29
0.29
0.31
0.30
0.29
0.28
0.29
0.30
0.31
0.30
0.29
0.31
0.29
0.31
0.30
0.30
0.29
0.28
0.30
0.31
0.31
0.31
0.30
0.30
0.30
0.30
0.30
0.29
0.30
0.30
0.29
0.29
0.29
0.29
0.31
0.30
0.29
0.30
0.31
0.31
0.29
0.30
0.30
0.29
0.31
0.30
0.30
0.30
0.29
0.30
0.30
0.31
0.29
0.29
0.29
0.30
0.30
0.31
0.30
0.29
0.30
0.31
0.31
0.29
0.31
0.30
0.31
0.31
0.30
0.29
0.30
0.29
0.32
0.30
0.30
0.30
0.31
0.30
0.30
0.30
0.30
0.30
0.30
0.31
0.30
0.30
0.30
0.30
0.31
0.30
0.30
0.29
0.29
0.30
0.29
0.29
0.29
0.30
0.29
0.31
0.29
0.29
0.30
0.31
0.30
0.29
0.29
0.29
0.30
0.30
0.31
0.29
0.30
0.30
0.31
0.31
0.30
0.29
0.29
0.29
0.29
0.29
0.30
0.29
0.29
0.30
0.30
0.30
0.30
0.31
0.30
0.30
0.30
0.30
0.29
0.31
0.30
0.30
0.30
0.31
0.31
0.30
0.30
0.29
0.30
0.31
0.30
0.28
0.28
0.28
0.30
0.29
0.30
0.29
0.29
0.29
0.31
0.30
0.31
0.29
0.29
0.29
0.31
0.31
0.29
0.30
0.30
0.30
0.30
0.30
0.28
0.30
0.30
0.31
0.30
0.30
0.29
0.31
0.30
0.30
0.30
0.31
0.30
0.30
0.30
0.29
0.30
0.29
0.31
0.30
0.29
0.30
0.30
0.30
0.31
0.29
0.29
0.29
0.31
0.30
0.31
0.29
0.29
0.30
0.31
0.30
0.29
0.29
0.28
0.30
0.30
0.30
0.28
0.29
0.29
0.30
0.30
0.29
0.29
0.30
0.30
0.30
0.30
0.30
0.30
0.29
0.30
0.30
0.30
0.30
0.31
0.30
0.30
0.30
0.30
0.30
0.30
0.30
0.28
0.29
0.31
0.30
0.29
0.29
0.29
0.30
0.32
0.31
0.30
0.30
0.29
0.30
0.30
0.31
0.29
0.29
0.30
0.31
0.31
0.30
0.29
0.29
0.29
0.30
0.30
0.27
0.29
0.29
0.30
0.30
0.30
0.29
0.30
0.30
0.30
0.29
0.30
0.29
0.29
0.30
0.29
0.29
0.31
0.31
0.29
0.30
0.30
0.29
0.29
0.30
0.30
0.29
0.29
0.30
0.30
0.31
0.29
0.30
0.31
0.31
0.31
0.29
0.29
0.29
0.30
0.31
0.31
0.29
0.30
0.29
0.30
0.31
0.30
0.29
0.30
0.30
0.31
0.30
0.30
0.30
0.29
0.30
0.30
0.29
0.30
0.29
0.29
0.29
0.29
0.29
0.29
0.30
0.30
0.29
0.29
0.31
0.29
0.31
0.30
0.29
0.28
0.30
0.30
0.30
0.29
0.29
0.30
0.31
0.31
0.29
0.29
0.29
0.30
0.29
0.30
0.28
0.28
0.30
0.30
0.30
0.30
0.29
0.29
0.30
0.30
0.30
0.29
0.30
0.29
0.31
0.30
0.30
0.30
0.31
0.31
0.30
0.30
0.30
0.30
0.29
0.29
0.29
0.28
0.30
0.30
0.30
0.29
0.29
0.30
0.29
0.30
0.29
0.29
0.29
0.30
0.30
0.31
0.30
0.29
0.30
0.31
0.31
0.28
0.29
0.29
0.29
0.30
0.29
0.28
0.29
0.29
0.30
0.29
0.29
0.30
0.30
0.30
0.29
0.30
0.29
0.29
0.29
0.30
0.30
0.30
0.30
0.31
0.30
0.29
0.29
0.29
0.29
0.31
0.30
0.30
0.29
0.31
0.31
0.31
0.30
0.30
0.30
1.47
1.90
1.97
1.96
2.03
1.97
2.01
1.97
1.96
1.98
1.98
1.99
1.98
2.00
1.99
2.03
1.99
1.98
1.99
2.05
1.99
1.98
1.99
1.99
1.99
1.99
2.02
2.00
2.00
2.00
2.05
2.01
1.99
2.00
2.00
2.00
2.00
2.02
2.01
2.06
2.00
2.04
2.01
2.00
2.01
2.00
2.01
2.00
2.02
2.01
2.04
2.01
2.03
2.01
2.06
2.00
1.99
2.00
2.00
2.01
2.01
2.03
2.01
2.02
2.01
2.06
2.01
1.99
2.00
2.00
2.01
2.00
2.01
2.00
2.01
2.00
2.04
2.01
1.99
2.01
1.99
2.00
2.00
2.01
2.00
2.00
2.00
2.02
2.00
2.06
2.00
1.99
2.00
2.00
2.00
2.00
2.03
2.01
2.01
2.00
2.04
2.01
1.99
2.00
1.99
2.00
2.00
2.02
2.01
2.02
2.02
2.05
2.01
2.01
2.01
2.01
2.01
2.00
2.01
2.00
2.01
2.01
2.03
2.01
2.07
2.01
2.00
2.02
2.01
2.01
2.01
2.01
2.01
2.02
2.01
2.05
2.01
1.99
2.01
2.00
2.01
2.01
2.02
2.01
2.01
2.01
2.04
2.01
1.97
2.01
1.99
2.01
2.01
2.01
2.00
2.01
2.01
2.03
2.01
2.07
2.01
2.00
2.01
2.01
2.01
2.00
2.01
2.01
2.01
2.01
2.05
2.01
1.99
2.01
2.00
2.02
2.00
2.02
2.00
2.01
2.01
2.03
2.01
2.07
2.01
1.99
2.01
2.00
2.02
2.01
2.02
2.02
2.03
2.02
2.06
2.01
2.00
2.01
2.03
2.01
2.00
2.02
2.01
2.02
2.02
2.05
2.02
2.01
2.02
2.01
2.02
1.99
2.01
2.01
2.02
2.01
2.03
2.01
2.06
2.01
1.99
2.01
1.99
2.01
1.99
2.00
2.00
2.00
1.99
2.04
2.00
1.99
2.01
2.08
2.02
2.00
2.02
2.02
2.01
2.02
2.05
2.02
2.02
2.02
2.06
2.01
2.00
2.02
2.01
2.01
2.01
2.03
2.01
2.07
2.02
2.04
2.01
2.00
2.01
2.00
2.00
2.00
2.01
2.00
2.05
2.01
2.03
2.02
2.08
2.02
2.00
2.02
2.01
2.01
2.01
2.03
2.01
2.02
2.01
2.05
2.01
2.00
2.01
2.00
2.02
2.02
2.03
2.02
2.06
2.02
2.04
2.01
2.03
2.01
2.00
2.01
2.01
2.01
2.01
2.04
2.02
2.03
2.00
2.03
1.98
1.97
1.98
1.97
1.98
2.00
2.02
2.00
2.01
2.01
2.04
2.01
2.00
2.02
2.01
2.02
2.01
2.02
2.01
2.01
2.01
2.03
2.01
2.07
2.01
1.99
2.02
2.01
2.02
2.02
2.02
2.02
2.02
2.02
2.06
2.02
2.00
2.01
2.00
2.01
2.02
2.02
2.02
2.02
2.02
2.05
2.02
2.01
2.02
2.01
2.01
2.01
2.01
2.00
2.01
2.01
2.03
2.02
2.07
2.02
2.00
2.02
2.01
2.02
2.01
2.01
2.01
2.02
2.02
2.05
2.01
1.99
2.01
2.00
2.01
2.01
2.02
2.02
2.02
2.02
2.04
2.02
2.08
2.02
2.00
2.02
2.00
2.02
2.01
2.02
2.02
2.03
2.02
2.07
2.02
2.01
2.02
2.01
2.01
2.00
2.01
2.00
2.01
2.01
2.04
2.00
2.01
2.01
1.99
2.02
1.98
1.98
1.97
1.97
1.99
2.00
1.98
2.05
1.97
1.96
1.99
1.99
2.01
2.00
2.01
2.00
1.99
2.00
2.04
1.99
1.98
1.99
2.05
1.99
1.98
2.00
2.00
2.01
2.01
2.03
2.01
2.07
2.01
2.05
2.01
1.99
2.01
2.00
2.01
2.01
2.02
2.01
2.06
2.00
2.04
2.02
2.04
2.02
2.01
2.01
2.00
2.01
2.01
2.04
2.01
2.03
2.01
2.06
2.02
2.00
2.01
2.01
2.01
2.00
2.00
1.98
2.05
1.99
2.02
1.99
1.97
2.00
1.99
2.01
2.00
2.00
2.00
2.04
2.01
2.03
2.01
2.07
2.01
1.99
2.00
2.00
2.00
2.01
2.03
2.00
2.03
2.02
2.06
2.02
2.00
2.02
2.01
2.02
2.02
2.02
2.01
2.01
2.01
2.03
2.00
2.04
2.00
1.99
2.00
2.00
2.00
2.00
2.00
2.00
2.01
2.00
2.05
2.00
1.98
1.99
1.99
1.98
1.98
1.98
1.98
1.99
1.99
2.02
1.99
1.97
1.98
1.98
1.99
1.99
1.98
1.98
2.00
1.99
2.01
2.00
2.05
1.99
1.98
1.99
1.99
2.00
1.99
1.99
1.99
2.00
1.98
2.03
1.99
1.97
1.98
1.98
1.99
1.99
1.99
1.99
1.99
1.99
2.01
1.98
1.97
1.98
1.96
1.97
1.96
1.97
1.97
1.98
1.98
2.00
1.98
2.04
1.98
1.96
1.98
1.98
1.98
1.97
1.98
1.97
1.98
1.98
2.02
1.99
1.97
1.98
1.97
1.99
1.97
1.98
1.98
1.99
1.98
2.01
1.98
2.04
1.98
1.97
1.99
1.97
1.98
1.98
1.99
1.98
2.00
1.98
2.03
1.98
1.97
1.98
2.04
1.98
1.97
1.98
1.98
1.99
1.98
2.01
1.98
1.98
1.99
2.03
1.98
1.97
1.98
1.98
1.98
1.98
2.00
1.99
2.04
1.98
2.02
1.99
1.98
1.99
1.98
1.99
1.98
1.99
1.98
2.02
1.98
2.01
1.98
2.04
1.99
1.97
1.99
1.99
1.99
1.99
2.01
1.99
2.04
1.98
2.02
1.99
1.97
1.98
1.97
1.98
1.98
2.00
1.99
2.03
1.99
2.02
1.99
1.98
1.98
1.97
1.98
1.98
1.99
1.98
2.01
1.98
2.00
1.99
2.03
1.99
1.98
1.99
1.98
1.99
1.99
2.00
1.99
1.98
1.98
2.01
1.98
1.96
1.97
1.96
1.97
1.97
1.98
1.97
1.98
1.97
1.99
1.97
2.03
1.98
1.96
1.97
1.96
1.96
1.96
1.96
1.98
1.98
1.98
2.01
1.97
1.95
1.96
1.96
1.96
1.96
1.96
1.96
1.96
1.96
1.99
1.96
2.03
1.96
1.96
1.97
1.97
1.97
1.96
1.96
1.97
1.98
1.97
2.02
1.97
1.96
1.97
1.96
1.97
1.97
1.97
1.98
1.97
1.97
2.01
1.97
1.96
1.96
1.96
1.97
1.96
1.97
1.97
1.98
1.98
2.00
1.97
2.02
1.96
1.95
1.96
1.96
1.96
1.96
1.96
1.95
1.96
1.96
1.99
1.97
1.96
1.96
1.96
1.97
1.95
1.97
1.96
1.97
1.63
1.36
1.19
1.08
1.02
0.96
0.94
0.93
0.91
0.91
0.88
0.89
0.89
0.88
0.89
0.88
0.90
0.89
0.88
0.88
0.89
0.90
0.89
0.89
0.88
0.88
0.89
0.88
0.88
0.90
0.87
0.88
0.87
0.88
0.89
0.88
0.89
0.87
0.88
0.88
0.87
0.88
0.89
0.88
0.88
0.87
0.87
0.88
0.89
0.88
0.90
0.89
0.87
0.88
0.87
0.88
0.89
0.87
0.88
0.87
0.88
0.88
0.88
0.89
0.88
0.87
0.88
0.87
0.88
0.89
0.88
0.88
0.87
0.87
0.88
0.88
0.88
0.87
0.89
0.87
0.88
0.87
0.88
0.89
0.86
0.88
0.88
0.87
0.88
0.88
0.89
0.88
0.88
0.88
0.87
0.88
0.88
0.88
0.88
0.87
0.91
0.87
0.88
0.88
0.87
0.88
0.86
0.88
0.89
0.88
0.88
0.87
0.88
0.88
0.87
0.88
0.87
0.88
0.87
0.87
0.87
0.88
0.89
0.88
0.87
0.87
0.87
0.90
0.87
0.88
0.89
0.87
0.88
0.87
0.88
0.88
0.88
0.89
0.87
0.87
0.87
0.87
0.88
0.89
0.87
0.87
0.87
0.87
0.88
0.89
0.88
0.87
0.87
0.87
0.88
0.87
0.88
0.89
0.87
0.87
0.87
0.87
0.88
0.88
0.88
0.88
0.87
0.88
0.87
0.87
0.89
0.87
0.87
0.87
0.87
0.88
0.88
0.90
0.87
0.88
0.86
0.88
0.87
0.88
0.89
0.87
0.88
0.87
0.87
0.88
0.87
0.88
0.87
0.87
0.87
0.87
0.87
0.88
0.87
0.87
0.87
0.88
0.88
0.88
0.89
0.87
0.88
0.87
0.87
0.87
0.87
0.88
0.87
0.88
0.87
0.87
0.88
0.87
0.88
0.88
0.87
0.87
0.88
0.89
0.88
0.88
0.87
0.87
0.88
0.87
0.88
0.89
0.87
0.88
0.86
0.87
0.89
0.88
0.89
0.87
0.87
0.88
0.87
0.88
0.89
0.88
0.88
0.87
0.87
0.88
0.87
0.88
0.87
0.87
0.87
0.87
0.87
0.87
0.88
0.86
0.87
0.86
0.87
0.88
0.87
0.90
0.87
0.87
0.87
0.87
0.88
0.87
0.87
0.87
0.87
0.87
0.87
0.87
0.87
0.86
0.87
0.87
0.87
0.87
0.87
0.87
0.87
0.87
0.87
0.87
0.88
0.86
0.87
0.87
0.87
0.87
0.87
0.87
0.87
0.87
0.87
0.86
0.88
0.87
0.87
0.87
0.87
0.87
0.87
0.87
0.87
0.87
0.87
0.87
0.87
0.87
0.87
0.88
0.86
0.87
0.87
0.87
0.87
0.88
0.87
0.87
0.87
0.87
0.87
0.88
0.87
0.87
0.87
0.87
0.88
0.86
0.87
0.88
0.87
0.87
0.86
0.87
0.90
0.87
0.87
0.88
0.87
0.87
0.87
0.87
0.87
0.87
0.87
0.87
0.87
0.86
0.87
0.87
0.88
0.88
0.86
0.87
0.86
0.87
0.87
0.86
0.87
0.93
0.87
0.87
0.86
0.87
0.87
0.87
0.87
0.86
0.87
0.87
0.87
0.87
0.87
0.88
0.86
0.87
0.87
0.87
0.87
0.86
0.87
0.86
0.87
0.87
0.86
0.87
0.87
0.87
0.87
0.86
0.87
0.87
0.87
0.87
0.86
0.87
0.87
0.86
0.86
0.86
0.87
0.86
0.87
0.86
0.87
0.87
0.86
0.87
0.87
0.87
0.87
0.88
0.87
0.87
0.87
0.86
0.87
0.87
0.86
0.87
0.86
0.86
0.87
0.87
0.87
0.86
0.86
0.88
0.86
0.86
0.88
0.86
0.87
0.86
0.87
0.87
0.86
0.87
0.88
0.87
0.87
0.86
0.86
0.87
0.87
0.86
0.86
0.86
0.86
0.87
0.87
0.86
0.87
0.86
0.88
0.86
0.86
0.87
0.86
0.87
0.85
0.86
0.86
0.86
0.87
0.87
0.86
0.87
0.86
0.86
0.87
0.87
0.87
0.86
0.87
0.86
0.87
0.87
0.86
0.87
0.85
0.87
0.85
0.87
0.87
0.85
0.86
0.87
0.89
0.87
0.86
0.87
0.87
0.86
0.86
0.86
0.87
0.87
0.86
0.86
0.86
0.87
0.85
0.86
0.86
0.86
0.87
0.86
0.86
0.87
0.86
0.87
0.85
0.86
0.86
0.88
0.86
0.85
0.87
0.87
0.86
0.86
0.85
0.87
0.87
0.86
0.86
0.86
0.87
0.86
0.87
0.88
0.86
0.87
0.85
0.86
0.86
0.86
0.87
0.85
0.87
0.87
0.86
0.86
0.87
0.87
0.86
0.86
0.86
0.86
0.87
0.87
0.86
0.87
0.86
0.87
0.85
0.87
0.88
0.86
0.87
0.86
0.87
0.87
0.86
0.89
0.87
0.86
0.87
0.86
0.86
0.87
0.86
0.87
0.86
0.87
0.86
0.87
0.87
0.86
0.87
0.85
0.86
0.85
0.87
0.87
0.86
0.87
0.87
0.87
0.86
0.86
0.88
0.87
0.86
0.86
0.86
0.87
0.87
0.86
0.87
0.86
0.87
0.86
0.87
0.86
0.86
0.87
0.87
0.87
0.87
0.87
0.87
0.86
0.87
0.87
0.87
0.86
0.86
0.87
0.87
0.86
0.87
0.86
0.87
0.87
0.87
0.87
0.87
0.87
0.86
0.87
0.88
0.87
0.87
0.86
0.87
0.87
0.87
0.87
0.86
0.87
0.89
0.87
0.87
0.87
0.87
0.87
0.87
0.87
0.86
0.87
0.87
0.86
0.88
0.86
0.87
0.86
0.87
0.88
0.87
0.87
0.86
0.87
0.87
0.87
0.87
0.87
0.87
0.88
0.86
0.87
0.87
0.87
0.87
0.87
0.88
0.86
0.87
0.87
0.87
0.88
0.86
0.87
0.86
0.87
0.87
0.86
0.87
0.87
0.87
0.87
0.87
0.87
0.87
0.87
0.87
0.87
0.88
0.87
0.87
0.87
0.86
0.88
0.87
0.87
0.87
0.86
0.87
0.86
0.87
0.87
0.87
0.87
0.86
0.87
0.87
0.86
0.87
0.87
0.87
0.87
0.86
0.87
0.86
0.87
0.87
0.87
0.87
0.87
0.88
0.86
0.87
0.88
0.86
0.87
0.86
0.87
0.87
0.87
0.87
0.86
0.87
0.87
0.87
0.87
0.89
0.87
0.87
0.87
0.87
0.86
0.87
0.87
0.87
0.88
0.86
0.87
0.86
0.87
0.88
0.86
0.87
0.86
0.87
0.87
0.87
0.87
0.87
0.87
0.86
0.86
0.86
0.88
0.87
0.87
0.87
0.88
0.87
0.87
0.86
0.86
0.88
0.86
0.87
0.86
0.87
0.88
0.86
0.88
0.87
0.87
0.87
0.87
1.04
1.25
1.31
1.35
1.36
1.35
1.36
1.38
1.38
1.39
1.37
1.37
1.39
1.40
1.42
1.41
1.40
1.39
1.39
1.37
1.39
1.38
1.40
1.40
1.40
1.38
1.42
1.38
1.38
1.39
1.39
1.41
1.42
1.40
1.41
1.42
1.40
1.38
1.38
1.41
1.40
1.38
1.38
1.38
1.38
1.39
1.38
1.38
1.39
1.38
1.38
1.41
1.41
1.40
1.39
1.40
1.38
1.38
1.37
1.38
1.38
1.38
1.40
1.44
1.39
1.40
1.40
1.39
1.39
1.39
1.43
1.38
1.39
1.38
1.40
1.39
1.41
1.39
1.40
1.40
1.41
1.39
1.39
1.40
1.41
1.41
1.41
1.40
1.40
1.41
1.40
1.40
1.40
1.40
1.41
1.39
1.41
1.40
1.40
1.41
1.41
1.44
1.40
1.40
1.41
1.40
1.41
1.42
1.40
1.41
1.42
1.41
1.40
1.40
1.40
1.41
1.41
1.40
1.40
1.40
1.41
1.41
1.39
1.40
1.41
1.42
1.40
1.40
1.40
1.40
1.41
1.42
1.41
1.40
1.41
1.40
1.41
1.40
1.40
1.43
1.41
1.41
1.41
1.40
1.40
1.41
1.40
1.40
1.40
1.40
1.41
1.41
1.40
1.39
1.40
1.40
1.41
1.40
1.40
1.40
1.40
1.40
1.40
1.40
1.40
1.40
1.41
1.41
1.39
1.40
1.44
1.41
1.40
1.40
1.39
1.40
1.42
1.41
1.39
1.39
1.40
1.41
1.40
1.40
1.40
1.40
1.41
1.42
1.40
1.40
1.40
1.40
1.41
1.39
1.40
1.40
1.41
1.40
1.40
1.40
1.40
1.44
1.41
1.41
1.40
1.41
1.40
1.40
1.42
1.40
1.40
1.41
1.41
1.40
1.41
1.39
1.40
1.42
1.41
1.40
1.41
1.39
1.41
1.40
1.39
1.39
1.40
1.41
1.40
1.40
1.39
1.40
1.40
1.41
1.39
1.40
1.40
1.41
1.40
1.42
1.39
1.40
1.41
1.42
1.40
1.42
1.40
1.40
1.41
1.40
1.40
1.40
1.42
1.41
1.41
1.40
1.41
1.41
1.42
1.40
1.40
1.41
1.41
1.42
1.40
1.41
1.41
1.42
1.41
1.42
1.41
1.42
1.42
1.43
1.43
1.42
1.42
1.41
1.42
1.42
1.41
1.42
1.42
1.44
1.42
1.41
1.40
1.41
1.42
1.44
1.41
1.42
1.41
1.42
1.42
1.40
1.42
1.42
1.42
1.43
1.42
1.41
1.42
1.43
1.43
1.40
1.42
1.42
1.47
1.44
1.42
1.42
1.43
1.43
1.47
1.42
1.41
1.43
1.43
1.43
1.41
1.44
1.43
1.44
1.42
1.42
1.42
1.43
1.43
1.44
1.42
1.42
1.44
1.43
1.45
1.45
1.43
1.44
1.44
1.42
1.44
1.43
1.44
1.45
1.45
1.47
1.42
1.44
1.43
1.45
1.44
1.42
1.45
1.44
1.44
1.44
1.44
1.42
1.44
1.44
1.45
1.43
1.43
1.43
1.43
1.44
1.42
1.43
1.44
1.43
1.44
1.42
1.42
1.42
1.43
1.43
1.43
1.46
1.41
1.42
1.44
1.43
1.42
1.45
1.43
1.44
1.42
1.42
1.43
1.43
1.44
1.43
1.42
1.42
1.43
1.42
1.42
1.41
1.42
1.42
1.43
1.42
1.42
1.42
1.43
1.43
1.43
1.42
1.41
1.42
1.42
1.42
1.42
1.42
1.46
1.44
1.43
1.42
1.42
1.42
1.43
1.45
1.42
1.42
1.43
1.43
1.43
1.43
1.43
1.43
1.44
1.44
1.43
1.42
1.43
1.44
1.44
1.44
1.43
1.43
1.43
1.43
1.42
1.42
1.43
1.43
1.43
1.43
1.43
1.42
1.43
1.44
1.46
1.42
1.43
1.43
1.44
1.42
1.44
1.43
1.43
1.44
1.44
1.43
1.42
1.44
1.44
1.43
1.43
1.43
1.42
1.44
1.43
1.42
1.43
1.44
1.44
1.44
1.43
1.43
1.44
1.44
1.45
1.47
1.43
1.44
1.44
1.44
1.43
1.43
1.46
1.44
1.45
1.44
1.43
1.44
1.44
1.45
1.43
1.44
1.44
1.45
1.44
1.44
1.44
1.43
1.44
1.45
1.44
1.43
1.43
1.43
1.44
1.43
1.43
1.44
1.44
1.44
1.45
1.44
1.43
1.47
1.45
1.44
1.44
1.44
1.43
1.45
1.44
1.43
1.43
1.44
1.45
1.44
1.44
1.43
1.45
1.45
1.45
1.43
1.44
1.44
1.44
1.44
1.42
1.43
1.43
1.44
1.45
1.43
1.42
1.43
1.48
1.45
1.43
1.43
1.44
1.44
1.43
1.43
1.43
1.43
1.43
1.44
1.42
1.43
1.43
1.43
1.44
1.42
1.42
1.43
1.43
1.43
1.43
1.42
1.42
1.42
1.43
1.42
1.42
1.42
1.42
1.42
1.43
1.42
1.42
1.43
1.42
1.42
1.45
1.41
1.42
1.43
1.44
1.41
1.44
1.42
1.43
1.43
1.42
1.42
1.42
1.44
1.44
1.42
1.42
1.42
1.43
1.44
1.41
1.42
1.42
1.43
1.43
1.47
1.42
1.43
1.44
1.44
1.43
1.46
1.42
1.43
1.44
1.42
1.42
1.45
1.43
1.42
1.42
1.41
1.42
1.43
1.45
1.42
1.42
1.43
1.42
1.43
1.43
1.41
1.42
1.43
1.43
1.43
1.42
1.42
1.43
1.43
1.43
1.41
1.42
1.41
1.42
1.42
1.42
1.42
1.42
1.45
1.42
1.41
1.42
1.42
1.42
1.46
1.42
1.42
1.42
1.42
1.42
1.42
1.42
1.43
1.42
1.43
1.42
1.41
1.43
1.43
1.44
1.42
1.43
1.42
1.43
1.44
1.43
1.42
1.42
1.42
1.47
1.41
1.42
1.43
1.43
1.44
1.46
1.42
1.42
1.43
1.43
1.42
1.41
1.44
1.43
1.44
1.43
1.41
1.42
1.42
1.44
1.43
1.42
1.43
1.43
1.42
1.42
1.42
1.42
1.43
1.43
1.43
1.42
1.42
1.42
1.43
1.43
1.42
1.42
1.42
1.42
1.44
1.42
1.43
1.45
1.43
1.43
1.41
1.42
1.42
1.44
1.44
1.44
1.42
1.43
1.42
1.43
1.42
1.41
1.42
1.43
1.44
1.43
1.42
1.41
1.42
1.44
1.43
1.42
1.47
1.42
1.44
1.43
1.41
1.42
1.46
1.43
1.43
1.42
1.42
1.43
1.44
1.44
1.42
1.43
1.43
1.43
1.42
1.41
1.42
1.43
1.43
1.43
1.42
1.41
1.43
1.42
1.44
1.42
1.43
1.43
1.44
1.44
1.41
1.42
1.43
1.47
1.45
1.42
1.42
1.42
1.42
1.86
2.01
2.02
2.03
2.01
2.03
2.07
2.03
2.04
2.03
2.03
2.02
2.04
2.02
2.04
2.10
2.04
2.04
2.04
2.04
2.02
2.03
2.11
2.03
2.07
2.04
2.04
2.03
2.03
2.01
2.04
2.08
2.04
2.04
2.04
2.03
2.03
2.03
2.02
2.04
2.05
2.04
2.04
2.03
2.03
2.02
2.03
2.02
2.04
2.08
2.04
2.05
2.03
2.04
2.02
2.04
2.11
2.04
2.06
2.04
2.05
2.04
2.04
2.12
2.04
2.08
2.04
2.04
2.04
2.04
2.03
2.04
2.02
2.04
2.05
2.04
2.04
2.04
2.04
2.02
2.04
2.03
2.04
2.07
2.03
2.04
2.03
2.03
2.01
2.04
2.08
2.03
2.04
2.03
2.03
2.02
2.03
2.10
2.04
2.07
2.05
2.05
2.03
2.04
2.03
2.03
2.01
2.04
2.04
2.03
2.04
2.04
2.04
2.03
2.05
2.12
2.05
2.07
2.03
2.04
2.04
2.04
2.03
2.04
2.08
2.04
2.04
2.04
2.04
2.03
2.04
2.09
2.04
2.05
2.04
2.04
2.04
2.04
2.02
2.04
2.03
2.05
2.04
2.03
2.04
2.03
2.04
2.01
2.03
2.09
2.03
2.04
2.02
2.03
2.02
2.03
2.11
2.04
2.07
2.04
2.03
2.02
2.03
2.02
2.03
2.07
2.03
2.04
2.04
2.04
2.04
2.04
2.03
2.04
2.11
2.04
2.03
2.02
2.02
2.02
2.03
2.03
2.04
2.08
2.05
2.05
2.04
2.05
2.03
2.05
2.10
2.05
2.07
2.05
2.05
2.04
2.05
2.16
2.07
2.12
2.09
2.10
2.09
2.09
2.08
2.08
2.05
2.07
2.13
2.07
2.06
2.06
2.06
2.05
2.06
2.13
2.06
2.09
2.06
2.06
2.05
2.07
2.05
2.07
2.11
2.07
2.07
2.07
2.06
2.06
2.08
2.13
2.07
2.08
2.07
2.07
2.06
2.07
2.05
2.07
2.04
2.06
2.11
2.06
2.07
2.06
2.07
2.05
2.07
2.13
2.07
2.08
2.06
2.06
2.05
2.06
2.14
2.06
2.09
2.05
2.06
2.06
2.06
2.05
2.06
2.11
2.07
2.06
2.07
2.07
2.06
2.06
2.04
2.06
2.14
2.07
2.06
2.06
2.07
2.04
2.07
2.04
2.07
2.11
2.07
2.08
2.07
2.07
2.05
2.07
2.13
2.06
2.08
2.07
2.07
2.07
2.07
2.06
2.07
2.11
2.07
2.07
2.07
2.07
2.06
2.06
2.05
2.07
2.13
2.06
2.06
2.07
2.06
2.05
2.07
2.15
2.07
2.10
2.07
2.07
2.07
2.06
2.04
2.07
2.11
2.07
2.07
2.06
2.07
2.07
2.07
2.05
2.07
2.09
2.06
2.06
2.06
2.07
2.04
2.06
2.04
2.07
2.12
2.07
2.07
2.06
2.06
2.05
2.06
2.13
2.06
2.08
2.05
2.06
2.05
2.06
2.14
2.06
2.10
2.07
2.06
2.06
2.06
2.06
2.06
2.04
2.06
2.07
2.06
2.06
2.06
2.07
2.05
2.07
2.14
2.07
2.10
2.06
2.07
2.05
2.08
2.05
2.07
2.11
2.07
2.08
2.07
2.07
2.06
2.07
2.13
2.08
2.10
2.06
2.06
2.06
2.07
2.06
2.06
2.05
2.06
2.07
2.07
2.06
2.06
2.06
2.04
2.06
2.12
2.06
2.08
2.06
2.06
2.04
2.06
2.14
2.07
2.09
2.07
2.07
2.06
2.06
2.06
2.06
2.10
2.06
2.07
2.07
2.06
2.05
2.07
2.04
2.06
2.14
2.05
2.07
2.06
2.06
2.04
2.06
2.05
2.06
2.12
2.07
2.07
2.06
2.06
2.05
2.06
2.12
2.06
2.07
2.07
2.06
2.06
2.06
2.05
2.07
2.10
2.06
2.06
2.06
2.05
2.05
2.06
2.04
2.06
2.12
2.06
2.06
2.05
2.06
2.03
2.06
2.13
2.05
2.08
2.05
2.05
2.04
2.05
2.04
2.05
2.10
2.05
2.06
2.05
2.05
2.04
2.05
2.04
2.05
2.07
2.05
2.05
2.06
2.05
2.04
2.05
2.03
2.05
2.10
2.04
2.05
2.05
2.05
2.04
2.06
2.11
2.06
2.07
2.06
2.05
2.05
2.06
2.13
2.06
2.08
2.05
2.05
2.05
2.05
2.04
2.06
2.03
2.05
2.06
2.05
2.06
2.05
2.06
2.04
2.06
2.14
2.05
2.08
2.05
2.06
2.04
2.05
2.04
2.05
2.10
2.05
2.06
2.06
2.05
2.05
2.05
2.11
2.06
2.07
2.06
2.05
2.06
2.05
2.04
2.05
2.03
2.06
2.06
2.05
2.06
2.05
2.06
2.04
2.06
2.12
2.06
2.07
2.05
2.07
2.04
2.06
2.13
2.06
2.09
2.06
2.06
2.05
2.06
2.04
2.06
2.11
2.06
2.07
2.06
2.06
2.06
2.06
2.04
2.06
2.14
2.06
2.06
2.06
2.06
2.05
2.06
2.05
2.06
2.11
2.07
2.07
2.05
2.06
2.05
2.06
2.12
2.07
2.07
2.06
2.06
2.06
2.07
2.14
2.06
2.09
2.06
2.07
2.06
2.06
2.05
2.06
2.04
2.06
2.12
2.07
2.06
2.05
2.06
2.05
2.06
2.14
2.06
2.10
2.06
2.07
2.05
2.06
2.04
2.07
2.11
2.07
2.07
2.07
2.07
2.06
2.07
2.12
2.07
2.08
2.07
2.07
2.07
2.06
2.05
2.07
2.04
2.07
2.11
2.07
2.07
2.06
2.07
2.05
2.08
2.13
2.08
2.09
2.08
2.08
2.05
2.07
2.15
2.07
2.10
2.07
2.08
2.07
2.07
2.06
2.08
2.12
2.08
2.08
2.08
2.08
2.08
2.08
2.07
2.09
2.16
2.08
2.09
2.09
2.09
2.08
2.09
2.11
2.11
2.14
2.11
2.11
2.11
2.10
2.08
2.11
2.16
2.10
2.12
2.11
2.11
2.10
2.11
2.09
2.11
2.13
2.11
2.11
2.10
2.11
2.09
2.10
2.09
2.11
2.16
2.11
2.11
2.10
2.10
2.09
2.11
2.17
2.11
2.13
2.11
2.11
2.11
2.10
2.14
2.11
2.14
2.11
2.11
2.11
2.11
2.10
2.10
2.09
2.11
2.12
2.11
2.10
2.11
2.11
2.09
2.11
2.13
2.11
2.15
2.11
2.11
2.10
2.11
2.08
2.11
2.16
2.11
2.12
2.11
2.12
2.10
2.11
2.18
2.11
2.14
2.11
2.11
2.11
2.11
2.10
2.11
2.09
2.11
2.11
2.11
2.11
2.11
2.11
2.09
2.11
2.17
2.11
2.13
2.11
2.11
2.10
2.12
2.12
2.11
2.15
1.83
1.56
1.38
1.23
1.11
1.03
0.96
0.89
0.85
0.80
0.77
0.75
0.72
0.70
0.69
0.67
0.66
0.66
0.65
0.65
0.65
0.63
0.64
0.62
0.63
0.62
0.61
0.62
0.61
0.62
0.61
0.63
0.61
0.61
0.62
0.60
0.63
0.60
0.61
0.61
0.61
0.61
0.61
0.61
0.61
0.61
0.61
0.61
0.61
0.61
0.62
0.61
0.61
0.62
0.61
0.60
0.62
0.61
0.62
0.62
0.60
0.61
0.60
0.62
0.61
0.62
0.61
0.60
0.61
0.60
0.61
0.60
0.60
0.60
0.61
0.61
0.60
0.61
0.60
0.60
0.60
0.60
0.60
0.61
0.61
0.61
0.61
0.61
0.61
0.60
0.60
0.60
0.60
0.61
0.59
0.62
0.60
0.61
0.60
0.62
0.60
0.59
0.61
0.59
0.61
0.60
0.60
0.60
0.61
0.60
0.61
0.61
0.60
0.60
0.60
0.60
0.60
0.61
0.60
0.61
0.61
0.61
0.62
0.61
0.61
0.61
0.61
0.63
0.60
0.61
0.60
0.63
0.60
0.62
0.62
0.61
0.62
0.60
0.62
0.61
0.60
0.61
0.62
0.61
0.61
0.63
0.60
0.61
0.60
0.61
0.60
0.61
0.61
0.62
0.61
0.60
0.61
0.60
0.61
0.61
0.61
0.61
0.60
0.61
0.60
0.61
0.60
0.60
0.61
0.60
0.61
0.59
0.62
0.60
0.60
0.61
0.60
0.62
0.61
0.63
0.60
0.61
0.61
0.61
0.61
0.61
0.61
0.61
0.61
0.61
0.62
0.61
0.61
0.61
0.62
0.61
0.60
0.62
0.60
0.61
0.62
0.62
0.62
0.60
0.62
0.61
0.62
0.60
0.67
0.60
0.60
0.61
0.60
0.61
0.60
0.60
0.60
0.61
0.61
0.61
0.61
0.59
0.59
0.60
0.60
0.61
0.61
0.60
0.61
0.61
0.59
0.61
0.60
0.60
0.61
0.61
0.61
0.60
0.61
0.60
0.62
0.60
0.62
0.60
0.60
0.61
0.60
0.62
0.60
0.61
0.60
0.60
0.61
0.61
0.61
0.60
0.60
0.60
0.60
0.60
0.61
0.61
0.61
0.61
0.60
0.61
0.61
0.61
0.61
0.61
0.61
0.60
0.62
0.60
0.63
0.60
0.63
0.61
0.60
0.62
0.60
0.62
0.61
0.60
0.60
0.62
0.61
0.60
0.61
0.61
0.60
0.61
0.61
0.60
0.61
0.61
0.62
0.61
0.60
0.60
0.62
0.60
0.61
0.61
0.61
0.60
0.61
0.60
0.62
0.60
0.61
0.61
0.59
0.61
0.59
0.61
0.60
0.60
0.60
0.61
0.62
0.61
0.63
0.61
0.61
0.61
0.61
0.61
0.61
0.61
0.61
0.61
0.61
0.61
0.61
0.61
0.61
0.61
0.61
0.60
0.62
0.60
0.61
0.60
0.61
0.61
0.60
0.61
0.60
0.61
0.60
0.61
0.60
0.60
0.61
0.60
0.62
0.60
0.60
0.60
0.61
0.60
0.61
0.61
0.60
0.60
0.60
0.60
0.61
0.61
0.61
0.61
0.60
0.60
0.61
0.60
0.61
0.61
0.61
0.61
0.60
0.61
0.60
0.62
0.60
0.61
0.60
0.59
0.61
0.60
0.62
0.60
0.61
0.60
0.61
0.61
0.61
0.61
0.60
0.60
0.60
0.60
0.61
0.61
0.61
0.62
0.61
0.60
0.62
0.61
0.62
0.62
0.62
0.61
0.60
0.62
0.60
0.62
0.61
0.61
0.62
0.60
0.62
0.60
0.62
0.61
0.61
0.61
0.61
0.60
0.60
0.60
0.60
0.60
0.61
0.61
0.61
0.61
0.61
0.61
0.61
0.60
0.60
0.62
0.61
0.61
0.61
0.62
0.60
0.61
0.60
0.62
0.61
0.59
0.61
0.60
0.61
0.60
0.63
0.60
0.61
0.61
0.60
0.60
0.60
0.60
0.60
0.60
0.61
0.61
0.61
0.61
0.61
0.61
0.61
0.60
0.60
0.61
0.61
0.61
0.61
0.61
0.60
0.62
0.60
0.62
0.60
0.59
0.61
0.60
0.62
0.60
0.62
0.60
0.61
0.61
0.61
0.62
0.61
0.60
0.60
0.60
0.61
0.61
0.61
0.61
0.61
0.61
0.61
0.61
0.61
0.61
0.61
0.62
0.62
0.62
0.60
0.62
0.60
0.61
0.61
0.60
0.61
0.60
0.62
0.60
0.62
0.60
0.61
0.60
0.59
0.61
0.60
0.60
0.60
0.61
0.61
0.61
0.60
0.61
0.61
0.61
0.61
0.61
0.61
0.61
0.61
0.61
0.62
0.61
0.60
0.61
0.62
0.62
0.62
0.60
0.62
0.61
0.62
0.60
0.62
0.61
0.61
0.62
0.61
0.62
0.61
0.61
0.61
0.60
0.61
0.61
0.61
0.59
0.60
0.60
0.61
0.61
0.60
0.61
0.61
0.61
0.62
0.61
0.60
0.61
0.61
0.61
0.61
0.60
0.61
0.60
0.62
0.60
0.61
0.61
0.59
0.61
0.60
0.62
0.60
0.60
0.60
0.61
0.61
0.61
0.61
0.60
0.60
0.60
0.61
0.61
0.62
0.61
0.61
0.61
0.63
0.61
0.60
0.61
0.60
0.61
0.61
0.60
0.61
0.60
0.62
0.62
0.62
0.62
0.60
0.62
0.60
0.62
0.61
0.61
0.60
0.61
0.61
0.60
0.62
0.61
0.61
0.61
0.61
0.61
0.61
0.61
0.61
0.62
0.61
0.61
0.61
0.62
0.61
0.61
0.62
0.60
0.62
0.61
0.62
0.60
0.61
0.61
0.60
0.61
0.60
0.62
0.60
0.60
0.60
0.61
0.61
0.60
0.61
0.59
0.60
0.60
0.61
0.60
0.61
0.61
0.61
0.62
0.61
0.61
0.61
0.61
0.61
0.62
0.62
0.60
0.62
0.61
0.62
0.62
0.62
0.62
0.60
0.62
0.61
0.62
0.60
0.61
0.60
0.60
0.61
0.60
0.62
0.60
0.61
0.61
0.61
0.60
0.61
0.61
0.60
0.60
0.60
0.61
0.61
0.61
0.61
0.61
0.61
0.60
0.62
0.60
0.60
0.60
0.61
0.61
0.60
0.61
0.60
0.61
0.60
0.61
0.60
0.60
0.61
0.60
0.61
0.60
0.61
0.60
0.61
0.61
0.61
0.61
0.60
0.60
0.60
0.61
0.60
0.60
0.61
0.61
0.61
0.60
0.61
0.60
0.60
0.60
0.61
0.61
0.60
0.61
0.60
0.61
0.60
0.60
0.62
0.61
0.62
0.60
0.62
0.60
0.61
0.61
0.61
0.62
0.61
0.61
0.61
0.61
0.61
0.61
0.61
0.61
0.61
0.61
0.62
0.60
0.60
0.61
0.62
0.61
0.61
0.61
0.60
0.61
0.56
0.51
0.47
0.43
0.39
0.36
0.34
0.31
0.29
0.26
0.24
0.22
0.21
0.19
0.18
0.17
0.15
0.14
0.13
0.12
0.11
0.10
0.09
0.09
0.08
0.07
0.07
0.06
0.05
0.06
0.05
0.04
0.04
0.03
0.03
0.03
0.02
0.02
0.02
0.02
0.01
0.01
0.01
0.01
0.01
0.01
0.00
0.00
0.00
0.00
0.00
0.00
0.00
0.01
0.00
0.00
0.00
0.00
0.00
0.00
0.00
0.00
0.00
0.00
0.00
0.00
0.00
0.00
0.00
0.00
0.00
0.00
0.00
0.00
0.00
0.00
0.00
0.00
0.00
0.00
0.00
0.00
0.00
0.00
0.00
0.00
0.00
0.00
0.00
0.00
0.00
0.00
0.00
0.00
0.00
0.00
0.00
0.00
0.00
0.00
0.00
0.00
0.00
0.00
0.00
0.00
0.00
0.00
0.00
0.00
0.00
0.00
0.00
0.00
0.00
0.00
0.00
0.00
0.00
0.00
0.00
0.00
0.00
0.00
0.00
0.00
0.00
0.00
0.00
0.00
0.00
0.00
0.00
0.00
0.00
0.00
0.00
0.00
0.00
0.00
0.00
0.00
0.00
0.00
0.00
0.00
0.00
0.00
0.00
0.00
0.00
0.00
0.00
0.00
0.00
0.00
0.00
0.00
0.00
0.00
0.00
0.00
0.00
0.00
0.00
0.00
0.00
0.00
0.00
0.00
0.00
0.00
0.00
0.00
0.00
0.00
0.00
0.00
0.00
0.00
0.00
0.00
0.00
0.00
0.00
0.00
0.00
0.00
0.00
0.00
0.00
0.00
0.00
0.00
0.00
0.00
0.00
0.00
0.00
0.00
0.00
0.00
0.00
0.00
0.00
0.00
0.00
0.00
0.00
0.00
0.00
0.00
0.00
0.00
0.00
0.00
0.00
0.00
0.00
0.00
0.00
0.00
0.00
0.00
0.00
0.00
0.00
0.00
0.00
0.00
0.00
0.00
0.00
0.00
0.00
0.00
0.00
0.00
0.00
0.00
0.00
0.00
0.00
0.00
0.00
0.00
0.00
0.00
0.00
0.00
0.00
0.00
0.00
0.00
0.00
0.00
0.00
0.00
0.00
0.00
0.00
0.00
0.00
0.00
0.00
0.00
0.00
0.00
0.00
0.00
0.00
0.00
0.00
0.00
0.00
0.00
0.00
0.00
0.00
0.00
0.00
0.00
0.00
0.00
0.00
0.00
0.00
0.00
0.00
0.00
0.00
0.00
0.00
0.00
0.00
0.00
0.00
0.00
0.00
0.00
0.00
0.00
0.00
0.00
0.00
0.00
0.00
0.00
0.00
0.00
0.00
0.00
0.00
0.00
0.00
0.00
0.00
0.00
0.00
0.00
0.00
0.00
0.00
0.00
0.00
0.00
0.00
0.00
0.00
0.00
0.00
0.00
0.00
0.00
0.00
0.00