0.05
0.05
0.05
0.05
0.05
0.06
0.05
0.06
0.06
0.06
0.05
0.05
0.06
0.05
0.05
0.05
0.05
0.06
0.05
0.05
0.05
0.06
0.05
0.06
0.06
0.06
0.05
0.05
0.05
0.06
0.06
0.05
0.06
0.05
0.05
0.06
0.05
0.05
0.05
0.05
0.05
0.05
0.05
0.05
0.05
0.05
0.06
0.06
0.05
0.05
0.05
0.05
0.05
0.05
0.05
0.05
0.05
0.06
0.05
0.05
0.06
0.06
0.05
0.05
0.05
0.05
0.05
0.06
0.05
0.06
0.05
0.06
0.06
0.06
0.05
0.06
0.06
0.05
0.05
0.05
0.05
0.05
0.05
0.06
0.05
0.05
0.05
0.05
0.05
0.05
0.06
0.06
0.06
0.06
0.06
0.05
0.05
0.06
0.05
0.06
0.05
0.05
0.05
0.05
0.06
0.05
0.06
0.05
0.05
0.05
0.06
0.06
0.06
0.05
0.06
0.06
0.05
0.05
0.06
0.05
0.05
0.06
0.05
0.05
0.05
0.06
0.05
0.05
0.06
0.05
0.05
0.06
0.05
0.06
0.05
0.06
0.06
0.05
0.05
0.05
0.05
0.05
0.06
0.06
0.06
0.06
0.05
0.05
0.05
0.05
0.05
0.06
0.05
0.05
0.06
0.06
0.05
0.05
0.05
0.06
0.05
0.05
0.06
0.05
0.05
0.05
0.06
0.05
0.05
0.06
0.06
0.06
0.05
0.05
0.06
0.05
0.05
0.06
0.05
0.06
0.05
0.05
0.06
0.06
0.06
0.06
0.06
0.06
0.06
0.05
0.06
0.06
0.05
0.06
0.05
0.05
0.06
0.06
0.06
0.05
0.05
0.06
0.06
0.06
0.05
0.05
0.06
0.05
0.05
0.05
0.05
0.05
0.05
0.05
0.05
0.05
0.05
0.06
0.06
0.05
0.06
0.05
0.05
0.05
0.06
0.06
0.05
0.05
0.05
0.05
0.06
0.06
0.05
0.05
0.05
0.06
0.06
0.06
0.05
0.05
0.05
0.06
0.05
0.05
0.05
0.05
0.05
0.06
0.09
0.09
0.09
0.08
0.08
0.08
0.08
0.07
0.08
0.07
0.00
0.00
0.00
0.00
0.00
0.00
0.00
0.00
0.01
1.84
1.94
1.95
1.97
1.96
1.99
1.98
1.96
1.97
1.97
2.00
1.97
2.01
1.99
1.96
1.98
1.98
2.00
1.98
1.97
1.98
1.98
2.01
1.98
2.02
1.99
1.97
1.99
1.98
2.03
1.99
1.98
1.99
1.99
1.99
2.00
2.03
1.99
1.98
1.98
1.98
2.02
1.99
1.97
1.98
1.97
1.98
1.98
2.04
1.99
1.98
1.99
1.99
1.99
1.99
1.98
1.99
1.97
2.00
1.98
2.06
1.99
1.98
1.99
1.98
2.06
1.99
1.99
1.99
1.99
2.00
1.99
1.99
1.98
1.98
2.00
1.99
1.98
1.99
1.97
2.00
1.98
2.01
1.99
1.97
2.02
1.98
2.01
2.00
2.01
1.99
1.98
1.99
1.99
2.02
1.99
1.98
1.99
1.99
2.02
1.99
2.03
1.99
1.98
2.00
1.99
2.03
2.00
1.98
1.99
1.99
1.99
1.99
2.04
2.00
1.98
1.99
2.00
2.04
2.00
1.99
2.00
1.98
2.01
2.00
2.05
2.01
1.99
2.00
1.99
2.06
2.00
1.99
2.00
1.99
2.00
2.00
2.06
2.00
2.00
2.01
2.00
2.06
2.00
2.06
2.01
1.99
2.01
1.99
2.00
2.00
2.00
2.01
2.01
2.00
2.00
2.00
2.01
1.99
2.02
2.01
1.99
2.01
2.01
2.02
2.00
2.03
2.01
2.00
2.01
2.00
2.03
2.01
1.99
2.01
2.00
2.04
2.01
2.04
2.01
1.99
2.06
2.02
2.04
2.00
1.99
2.01
2.01
2.04
2.01
2.04
2.01
2.00
2.00
2.00
2.05
2.00
1.99
2.01
2.01
2.01
2.01
2.06
2.02
2.01
2.02
2.01
2.06
2.02
2.00
2.01
2.01
2.02
2.01
2.07
2.02
2.01
2.02
2.02
2.07
2.02
2.01
2.02
2.01
2.03
2.02
2.07
2.02
2.01
2.02
2.02
2.09
2.02
2.08
2.03
2.02
2.02
2.02
2.02
2.02
2.02
2.03
2.02
2.01
2.02
2.02
2.02
2.01
2.04
2.02
2.01
2.03
2.01
2.03
2.02
2.04
2.03
2.01
2.02
2.02
2.04
2.02
2.00
2.02
2.02
2.04
2.02
2.05
2.02
2.01
2.02
2.02
2.05
2.02
2.01
2.02
2.02
2.07
2.02
2.06
2.02
2.01
2.03
2.03
2.06
2.02
2.01
2.03
2.02
2.03
2.02
2.06
2.03
2.02
2.02
2.02
2.07
2.02
2.01
2.03
2.01
2.02
2.03
2.08
2.03
2.01
2.03
2.03
2.07
2.03
2.08
2.03
2.02
2.02
2.02
2.09
2.02
2.01
2.03
2.03
2.09
2.02
2.08
2.03
2.02
2.03
2.03
2.02
2.02
2.02
2.03
2.02
2.03
2.02
2.01
2.02
2.02
2.03
2.03
2.01
2.02
2.03
2.04
2.02
2.04
2.02
2.01
2.03
2.02
2.04
2.03
2.01
2.03
2.02
2.05
2.02
2.05
2.03
2.01
2.02
2.02
2.06
2.02
2.01
2.03
2.03
2.04
2.03
2.07
2.03
2.02
2.04
2.03
2.02
2.03
2.01
2.03
2.03
2.03
2.03
2.08
2.03
2.02
2.04
2.04
2.07
2.03
2.03
2.03
2.03
2.04
2.03
2.08
2.04
2.03
2.04
2.03
2.08
2.03
2.10
2.04
2.02
2.03
2.03
2.08
2.05
2.03
2.03
2.03
2.09
2.03
2.09
2.03
2.02
2.03
2.03
2.05
2.03
2.02
2.04
2.03
2.04
2.04
2.01
2.03
2.02
2.04
2.03
2.01
2.03
2.03
2.03
2.03
2.04
2.02
2.02
2.03
2.03
2.04
2.03
2.01
2.04
2.03
2.04
2.03
2.06
2.04
2.02
2.04
2.03
2.06
2.03
2.02
2.04
2.03
2.03
2.03
2.06
2.04
2.01
2.02
2.02
2.06
2.03
2.02
2.03
2.01
2.04
2.03
2.02
2.03
2.01
2.03
2.03
2.07
2.03
2.07
2.04
2.02
2.03
2.02
2.08
2.03
2.02
2.03
2.03
2.08
2.02
2.08
2.04
2.02
2.04
2.03
2.08
2.03
2.02
2.03
2.02
2.03
2.03
2.09
2.04
2.02
2.03
2.03
2.09
2.03
2.03
2.04
2.01
2.04
2.03
2.09
2.03
2.03
2.04
2.03
2.03
2.03
2.02
2.04
2.02
2.04
2.03
2.02
2.03
2.03
2.04
2.03
2.02
2.03
2.03
2.04
2.03
2.05
2.03
2.02
2.04
2.03
2.05
2.04
2.01
2.03
2.02
2.03
2.02
2.06
2.03
2.01
2.03
2.03
2.05
2.03
2.02
2.03
2.02
2.04
2.02
2.06
2.03
2.02
2.03
2.03
2.07
2.03
2.02
2.04
2.02
2.04
2.03
2.07
2.03
2.02
2.03
2.03
2.07
2.03
2.08
2.04
2.02
2.03
2.03
2.08
2.03
2.02
2.04
2.03
2.03
2.03
2.09
2.03
2.02
2.04
2.03
2.08
2.04
2.03
2.01
2.03
2.03
2.03
2.10
2.03
2.03
2.04
2.03
2.10
2.04
2.02
2.04
2.03
2.04
2.03
2.01
2.04
2.03
2.04
2.03
2.03
2.03
2.03
2.03
2.03
2.05
2.04
2.02
2.03
2.03
2.05
2.03
2.01
2.03
2.02
2.04
2.03
2.06
2.03
2.02
2.03
2.03
2.05
2.04
2.05
2.04
2.02
2.03
2.02
2.06
2.03
2.02
2.03
2.02
2.06
2.01
2.06
2.03
2.02
2.03
2.02
2.06
2.03
2.03
2.03
2.03
2.03
2.02
2.08
2.03
2.01
2.03
2.03
2.07
2.03
2.02
2.04
2.01
2.04
2.03
2.08
2.04
2.03
2.03
2.03
2.09
2.03
2.02
2.04
2.02
2.03
2.04
2.08
2.03
2.03
2.03
2.03
2.09
2.04
2.03
2.03
2.03
2.04
2.03
2.10
2.04
2.02
2.04
2.03
2.10
2.03
2.03
2.03
2.03
2.04
2.04
2.04
2.03
2.03
2.04
2.03
2.03
2.03
2.02
2.04
2.03
2.05
2.03
2.02
2.03
2.03
2.05
2.03
2.06
2.04
2.02
2.03
2.03
2.06
2.03
2.02
2.04
2.03
2.05
2.03
2.06
2.04
2.02
2.03
2.02
2.06
2.03
2.02
2.03
2.03
2.04
2.03
2.07
2.03
2.03
2.03
2.03
2.06
2.04
2.02
2.03
2.03
2.03
2.03
2.07
2.03
2.03
2.04
2.03
2.08
2.03
2.02
2.04
2.03
2.04
2.03
2.08
2.04
2.03
2.03
2.03
2.08
2.03
2.09
2.04
2.03
2.03
2.03
2.09
2.03
2.03
2.04
2.03
2.09
2.03
2.09
2.04
2.03
1.88
1.60
1.47
1.42
1.39
1.37
1.35
1.37
1.35
1.34
1.35
1.34
1.33
1.33
1.34
1.34
1.33
1.33
1.34
1.34
1.34
1.34
1.34
1.34
1.34
1.34
1.33
1.35
1.33
1.33
1.33
1.34
1.35
1.34
1.34
1.35
1.34
1.34
1.34
1.35
1.34
1.33
1.34
1.33
1.34
1.33
1.34
1.33
1.34
1.34
1.34
1.34
1.35
1.33
1.33
1.33
1.34
1.33
1.33
1.36
1.34
1.33
1.33
1.34
1.34
1.35
1.35
1.34
1.34
1.34
1.34
1.33
1.33
1.34
1.33
1.33
1.35
1.33
1.33
1.34
1.34
1.34
1.33
1.34
1.35
1.33
1.33
1.34
1.33
1.33
1.34
1.35
1.33
1.33
1.33
1.34
1.34
1.35
1.33
1.33
1.34
1.34
1.34
1.33
1.34
1.34
1.33
1.33
1.35
1.34
1.33
1.34
1.34
1.33
1.35
1.35
1.33
1.33
1.34
1.34
1.34
1.33
1.33
1.34
1.33
1.33
1.34
1.33
1.36
1.35
1.34
1.34
1.34
1.33
1.33
1.33
1.34
1.33
1.33
1.33
1.35
1.33
1.34
1.34
1.34
1.37
1.34
1.34
1.33
1.34
1.34
1.34
1.33
1.33
1.34
1.33
1.33
1.33
1.33
1.34
1.36
1.34
1.34
1.35
1.34
1.33
1.34
1.33
1.33
1.33
1.34
1.34
1.33
1.34
1.34
1.34
1.33
1.37
1.35
1.34
1.33
1.34
1.33
1.33
1.33
1.34
1.33
1.33
1.33
1.33
1.33
1.33
1.35
1.33
1.34
1.35
1.34
1.33
1.34
1.33
1.33
1.33
1.34
1.33
1.32
1.32
1.33
1.34
1.35
1.37
1.34
1.33
1.34
1.35
1.34
1.33
1.33
1.33
1.33
1.33
1.34
1.33
1.34
1.34
1.35
1.34
1.35
1.33
1.33
1.34
1.34
1.33
1.33
1.33
1.33
1.33
1.33
1.33
1.33
1.33
1.35
1.35
1.33
1.34
1.34
1.34
1.34
1.34
1.34
1.33
1.34
1.34
1.33
1.34
1.34
1.35
1.34
1.35
1.35
1.34
1.33
1.36
1.34
1.33
1.34
1.34
1.33
1.33
1.33
1.33
1.33
1.34
1.34
1.34
1.34
1.34
1.36
1.34
1.37
1.34
1.34
1.33
1.34
1.33
1.34
1.34
1.34
1.34
1.35
1.35
1.33
1.33
1.34
1.36
1.33
1.34
1.33
1.33
1.33
1.34
1.33
1.33
1.34
1.34
1.34
1.34
1.34
1.33
1.36
1.34
1.37
1.34
1.33
1.34
1.34
1.32
1.33
1.34
1.34
1.34
1.35
1.34
1.34
1.34
1.34
1.35
1.33
1.33
1.34
1.34
1.33
1.34
1.33
1.34
1.34
1.34
1.33
1.34
1.35
1.34
1.36
1.34
1.35
1.33
1.34
1.34
1.33
1.32
1.33
1.34
1.34
1.35
1.34
1.33
1.34
1.34
1.33
1.33
1.34
1.34
1.33
1.33
1.33
1.34
1.33
1.34
1.34
1.34
1.35
1.35
1.34
1.34
1.36
1.34
1.35
1.33
1.34
1.33
1.33
1.33
1.34
1.33
1.33
1.35
1.34
1.34
1.34
1.34
1.33
1.33
1.34
1.33
1.33
1.34
1.33
1.33
1.34
1.34
1.34
1.34
1.35
1.34
1.33
1.34
1.34
1.33
1.34
1.33
1.34
1.33
1.33
1.36
1.33
1.34
1.34
1.34
1.33
1.34
1.34
1.33
1.34
1.34
1.33
1.33
1.34
1.34
1.35
1.33
1.34
1.34
1.34
1.35
1.35
1.34
1.34
1.34
1.34
1.33
1.34
1.34
1.33
1.33
1.33
1.37
1.33
1.34
1.34
1.34
1.34
1.35
1.34
1.33
1.34
1.34
1.34
1.33
1.34
1.33
1.34
1.33
1.34
1.34
1.35
1.35
1.34
1.33
1.34
1.34
1.33
1.34
1.34
1.34
1.33
1.34
1.34
1.35
1.34
1.34
1.34
1.34
1.34
1.33
1.33
1.34
1.34
1.33
1.33
1.33
1.34
1.33
1.34
1.33
1.33
1.34
1.35
1.34
1.34
1.34
1.34
1.34
1.33
1.34
1.33
1.32
1.34
1.34
1.33
1.36
1.35
1.35
1.33
1.35
1.35
1.34
1.33
1.34
1.33
1.33
1.34
1.34
1.33
1.33
1.34
1.33
1.33
1.33
1.34
1.34
1.34
1.34
1.34
1.34
1.34
1.34
1.33
1.33
1.33
1.33
1.34
1.35
1.35
1.33
1.35
1.35
1.33
1.33
1.34
1.34
1.34
1.33
1.33
1.33
1.33
1.33
1.33
1.33
1.34
1.34
1.34
1.36
1.35
1.33
1.33
1.34
1.34
1.33
1.32
1.34
1.34
1.33
1.33
1.42
1.34
1.35
1.34
1.34
1.37
1.34
1.35
1.34
1.33
1.33
1.34
1.33
1.32
1.34
1.32
1.34
1.34
1.34
1.33
1.36
1.34
1.34
1.33
1.34
1.33
1.33
1.33
1.33
1.33
1.33
1.33
1.33
1.33
1.35
1.34
1.33
1.36
1.34
1.34
1.33
1.33
1.33
1.33
1.33
1.33
1.33
1.34
1.34
1.35
1.34
1.35
1.36
1.34
1.33
1.34
1.34
1.33
1.33
1.33
1.33
1.33
1.34
1.34
1.32
1.34
1.34
1.34
1.33
1.36
1.34
1.33
1.34
1.34
1.33
1.33
1.34
1.33
1.33
1.34
1.34
1.33
1.35
1.35
1.35
1.34
1.34
1.35
1.33
1.33
1.34
1.33
1.33
1.33
1.33
1.33
1.33
1.34
1.34
1.34
1.34
1.36
1.34
1.34
1.33
1.34
1.33
1.33
1.34
1.33
1.33
1.35
1.35
1.34
1.35
1.34
1.34
1.34
1.35
1.34
1.33
1.34
1.34
1.33
1.33
1.33
1.34
1.33
1.33
1.34
1.34
1.34
1.35
1.35
1.33
1.34
1.33
1.33
1.33
1.33
1.33
1.32
1.33
1.33
1.34
1.34
1.35
1.34
1.34
1.34
1.34
1.33
1.34
1.34
1.33
1.33
1.33
1.34
1.33
1.34
1.33
1.34
1.34
1.34
1.34
1.33
1.34
1.34
1.33
1.33
1.36
1.34
1.33
1.33
1.34
1.32
1.34
1.34
1.34
1.33
1.34
1.34
1.33
1.33
1.34
1.33
1.33
1.34
1.33
1.33
1.34
1.34
1.34
1.34
1.34
1.35
1.34
1.33
1.34
1.34
1.33
1.34
1.36
1.33
1.33
1.33
1.33
1.32
1.34
1.34
1.34
1.34
1.35
1.34
1.33
1.34
1.34
1.33
1.33
1.33
1.33
1.33
1.34
1.34
1.33
1.34
1.35
1.34
1.33
1.34
1.34
2.08
2.22
2.22
2.23
2.22
2.23
2.22
2.22
2.22
2.22
2.23
2.26
2.35
2.30
2.29
2.29
2.28
2.28
2.34
2.27
2.26
2.26
2.26
2.26
2.26
2.26
2.26
2.25
2.26
2.26
2.26
2.26
2.26
2.26
2.25
2.24
2.24
2.24
2.24
2.24
2.24
2.24
2.23
2.24
2.24
2.27
2.30
2.30
2.30
2.29
2.35
2.28
2.27
2.27
2.27
2.27
2.27
2.25
2.26
2.27
2.26
2.26
2.26
2.26
2.26
2.26
2.26
2.26
2.24
2.24
2.24
2.23
2.24
2.23
2.24
2.23
2.23
2.24
2.24
2.31
2.30
2.30
2.36
2.28
2.28
2.28
2.27
2.27
2.27
2.27
2.27
2.27
2.27
2.27
2.27
2.27
2.27
2.26
2.27
2.27
2.26
2.24
2.25
2.24
2.25
2.25
2.25
2.25
2.24
2.24
2.25
2.26
2.36
2.30
2.28
2.30
2.28
2.28
2.28
2.28
2.27
2.27
2.27
2.27
2.26
2.27
2.27
2.26
2.27
2.27
2.27
2.26
2.26
2.27
2.26
2.25
2.25
2.25
2.24
2.24
2.24
2.24
2.24
2.25
2.27
2.36
2.25
2.31
2.30
2.30
2.29
2.28
2.28
2.28
2.27
2.28
2.27
2.27
2.27
2.27
2.27
2.27
2.27
2.27
2.27
2.27
2.27
2.26
2.25
2.25
2.25
2.25
2.24
2.25
2.25
2.25
2.25
2.28
2.25
2.31
2.30
2.30
2.29
2.28
2.28
2.27
2.27
2.28
2.27
2.27
2.27
2.27
2.27
2.27
2.27
2.27
2.27
2.27
2.27
2.27
2.27
2.26
2.25
2.25
2.26
2.25
2.25
2.25
2.25
2.26
2.26
2.38
2.31
2.31
2.31
2.30
2.29
2.29
2.28
2.29
2.28
2.28
2.28
2.27
2.28
2.27
2.27
2.28
2.28
2.28
2.28
2.27
2.28
2.27
2.26
2.26
2.26
2.25
2.25
2.25
2.25
2.26
2.27
2.28
2.38
2.31
2.31
2.30
2.30
2.30
2.29
2.29
2.28
2.29
2.28
2.28
2.28
2.28
2.28
2.28
2.28
2.28
2.28
2.28
2.28
2.28
2.27
2.25
2.26
2.26
2.26
2.25
2.26
2.26
2.27
2.26
2.28
2.38
2.38
2.31
2.31
2.30
2.30
2.30
2.29
2.29
2.29
2.29
2.29
2.29
2.28
2.28
2.28
2.28
2.29
2.28
2.28
2.28
2.28
2.28
2.28
2.26
2.26
2.26
2.26
2.26
2.27
2.26
2.28
2.38
2.38
2.37
2.31
2.31
2.30
2.29
2.29
2.28
2.29
2.29
2.29
2.29
2.28
2.29
2.29
2.28
2.28
2.28
2.28
2.29
2.28
2.28
2.28
2.28
2.26
2.26
2.26
2.26
2.28
2.27
2.27
2.30
2.39
2.38
2.38
2.31
2.30
2.30
2.30
2.29
2.29
2.29
2.29
2.29
2.29
2.29
2.29
2.29
2.29
2.29
2.29
2.29
2.28
2.29
2.28
2.28
2.28
2.26
2.27
2.26
2.28
2.27
2.27
2.27
2.39
2.38
2.38
2.38
2.31
2.31
2.30
2.30
2.29
2.29
2.29
2.29
2.29
2.29
2.29
2.28
2.29
2.29
2.29
2.29
2.28
2.29
2.28
2.28
2.29
2.28
2.27
2.27
2.28
2.27
2.27
2.28
2.32
2.39
2.38
2.38
2.37
2.31
2.31
2.30
2.30
2.29
2.30
2.30
2.29
2.29
2.30
2.29
2.30
2.29
2.29
2.29
2.28
2.29
2.29
2.28
2.28
2.28
2.28
2.26
2.28
2.26
2.26
2.26
2.28
2.39
2.39
2.39
2.37
2.37
2.36
2.30
2.30
2.30
2.30
2.30
2.29
2.29
2.29
2.29
2.29
2.29
2.28
2.29
2.29
2.29
2.29
2.28
2.29
2.28
2.28
2.28
2.29
2.27
2.27
2.27
2.28
2.33
2.38
2.38
2.38
2.37
2.37
2.36
2.31
2.29
2.30
2.30
2.29
2.29
2.29
2.29
2.29
2.29
2.29
2.29
2.29
2.28
2.28
2.28
2.29
2.29
2.29
2.28
2.29
2.28
2.27
2.27
2.27
2.28
2.39
2.39
2.38
2.38
2.38
2.37
2.36
2.30
2.30
2.30
2.29
2.29
2.30
2.29
2.29
2.30
2.29
2.30
2.29
2.29
2.29
2.29
2.29
2.29
2.28
2.29
2.29
2.28
2.28
2.26
2.27
2.27
2.30
2.39
2.39
2.38
2.38
2.37
2.36
2.36
2.30
2.30
2.30
2.30
2.29
2.29
2.30
2.29
2.29
2.30
2.29
2.28
2.29
2.29
2.29
2.29
2.29
2.29
2.30
2.28
2.28
2.28
2.27
2.27
2.28
2.39
2.39
2.39
2.38
2.37
2.37
2.36
2.35
2.30
2.29
2.30
2.30
2.29
2.29
2.30
2.29
2.30
2.29
2.30
2.29
2.29
2.29
2.29
2.29
2.29
2.30
2.28
2.28
2.28
2.28
2.27
2.28
2.38
2.39
2.39
2.39
2.38
2.37
2.37
2.36
2.36
2.34
2.29
2.30
2.30
2.30
2.30
2.30
2.30
2.30
2.30
2.29
2.29
2.29
2.29
2.29
2.29
2.30
2.28
2.29
2.28
2.28
2.28
2.28
2.31
2.39
2.39
2.38
2.37
2.38
2.37
2.36
2.36
2.35
2.34
2.30
2.29
2.30
2.30
2.30
2.30
2.30
2.29
2.30
2.30
2.30
2.29
2.29
2.29
2.30
2.29
2.29
2.28
2.28
2.28
2.28
2.28
2.31
2.39
2.39
2.38
2.37
2.38
2.36
2.37
2.35
2.35
2.34
2.30
2.30
2.30
2.30
2.30
2.29
2.29
2.29
2.30
2.30
2.30
2.28
2.29
2.30
2.28
2.29
2.28
2.28
2.28
2.28
2.28
2.28
2.39
2.39
2.39
2.38
2.37
2.37
2.36
2.36
2.35
2.34
2.33
2.30
2.30
2.29
2.30
2.30
2.30
2.30
2.30
2.29
2.30
2.29
2.28
2.30
2.29
2.29
2.28
2.28
2.28
2.28
2.27
2.28
2.27
2.39
2.39
2.38
2.37
2.36
2.36
2.36
2.35
2.35
2.34
2.33
2.30
2.30
2.30
2.30
2.30
2.30
2.30
2.30
2.30
2.30
2.30
2.30
2.29
2.29
2.28
2.29
2.28
2.28
2.28
2.28
2.27
2.27
2.41
2.38
2.38
2.37
2.36
2.36
2.35
2.35
2.34
2.34
2.33
2.32
2.30
2.30
2.30
2.30
2.30
2.30
2.30
2.30
2.30
2.30
2.29
2.29
2.29
2.28
2.28
2.28
2.27
2.28
2.28
2.28
2.27
2.27
2.38
2.37
2.37
2.32
2.33
2.32
2.31
2.30
2.33
2.42
2.38
2.34
2.33
2.33
2.31
2.31
2.32
2.43
2.39
2.41
2.34
2.33
2.31
2.30
2.30
2.42
2.39
2.35
2.33
2.33
2.33
2.32
2.32
2.42
2.39
2.35
2.33
2.33
2.33
2.32
2.32
2.30
2.44
2.41
2.34
2.33
2.33
2.32
2.31
2.29
2.43
2.30
2.37
2.34
2.33
2.32
2.31
2.29
2.31
2.41
2.37
2.33
2.33
2.33
2.32
2.31
2.30
2.42
2.37
2.34
2.33
2.32
2.32
2.31
2.30
2.30
2.43
2.35
2.33
2.33
2.33
2.32
2.31
2.32
2.43
2.41
2.37
2.34
2.32
2.33
2.32
2.31
2.44
2.42
2.38
2.35
2.35
2.34
2.34
2.29
2.44
2.42
2.38
2.34
2.34
2.34
2.33
2.32
2.31
2.31
2.44
2.35
2.35
2.34
2.34
2.35
2.31
2.32
2.44
2.40
2.37
2.35
2.34
2.33
2.31
2.31
2.44
2.40
2.37
2.34
2.34
2.34
2.33
2.31
2.44
2.41
2.37
2.35
2.34
2.34
2.33
2.32
2.31
2.36
2.38
2.34
2.34
2.35
2.34
2.33
2.32
2.34
2.44
2.39
2.36
2.34
2.33
2.32
2.31
2.31
2.43
2.39
2.36
2.34
2.34
2.34
2.32
2.32
2.44
2.41
2.36
2.35
2.35
2.35
2.34
2.32
2.31
2.40
2.36
2.39
2.34
2.34
2.33
2.32
2.31
2.44
2.42
2.38
2.34
2.33
2.33
2.31
2.30
2.44
2.42
2.39
2.35
2.34
2.34
2.32
2.31
2.37
2.43
2.39
2.35
2.34
2.34
2.33
2.33
2.31
2.43
2.45
2.35
2.34
2.34
2.33
2.33
2.31
2.31
2.44
2.41
2.34
2.34
2.34
2.33
2.32
2.30
2.44
2.41
2.38
2.34
2.34
2.31
2.32
2.31
2.45
2.42
2.38
2.35
2.34
2.34
2.33
2.32
2.32
2.42
2.38
2.35
2.34
2.34
2.34
2.33
2.32
2.32
2.44
2.36
2.35
2.35
2.35
2.33
2.32
2.32
2.44
2.41
2.37
2.36
2.35
2.33
2.32
2.32
2.45
2.41
2.37
2.35
2.35
2.35
2.36
2.30
2.44
2.42
2.37
2.35
2.35
2.34
2.34
2.33
2.32
2.45
2.43
2.35
2.36
2.35
2.35
2.33
2.32
2.34
2.44
2.40
2.36
2.35
2.34
2.33
2.32
2.33
2.44
2.41
2.37
2.35
2.36
2.35
2.34
2.32
2.44
2.41
2.37
2.36
2.36
2.35
2.34
2.34
2.32
2.45
2.38
2.35
2.35
2.35
2.34
2.33
2.31
2.45
2.42
2.39
2.36
2.35
2.34
2.33
2.32
2.45
2.43
2.39
2.42
2.35
2.35
2.34
2.32
2.39
2.44
2.39
2.36
2.35
2.35
2.35
2.34
2.33
2.32
2.39
2.36
2.36
2.35
2.35
2.34
2.33
2.32
2.44
2.42
2.38
2.35
2.35
2.34
2.33
2.32
2.45
2.31
2.38
2.35
2.35
2.34
2.32
2.31
2.44
2.42
2.38
2.35
2.35
2.34
2.33
2.33
2.32
2.42
2.39
2.34
2.35
2.34
2.34
2.33
2.32
2.32
2.44
2.39
2.34
2.34
2.34
2.33
2.32
2.33
2.44
2.40
2.37
2.35
2.35
2.31
2.32
2.31
2.45
2.41
2.38
2.35
2.35
2.35
2.34
2.33
2.47
2.41
2.39
2.35
2.35
2.35
2.34
2.33
2.33
2.42
2.44
2.39
2.35
2.35
2.34
2.35
2.33
2.38
2.44
2.40
2.36
2.36
2.35
2.34
2.33
2.33
2.44
2.40
2.37
2.36
2.36
2.35
2.34
2.33
2.44
2.41
2.37
2.36
2.36
2.36
2.35
2.33
2.33
2.46
2.42
2.36
2.36
2.36
2.35
2.33
2.33
2.45
2.43
2.39
2.36
2.36
2.35
2.34
2.33
2.45
2.43
2.40
2.37
2.36
2.36
2.34
2.34
2.46
2.44
2.40
2.36
2.36
2.36
2.35
2.34
2.33
2.32
2.45
2.37
2.39
2.36
2.35
2.34
2.33
2.32
2.45
2.42
2.38
2.36
2.35
2.34
2.33
2.32
2.46
2.42
2.39
2.36
2.36
2.36
2.35
2.32
2.46
2.42
2.39
2.36
2.36
2.35
2.34
2.33
2.33
2.34
2.45
2.36
2.36
2.36
2.35
2.34
2.33
2.33
2.45
2.41
2.37
2.35
2.35
2.34
2.33
2.33
2.45
2.42
2.38
2.36
2.36
2.35
2.31
2.33
2.45
2.42
2.38
2.36
2.36
2.36
2.35
2.34
2.34
2.42
2.38
2.36
2.36
2.35
2.35
2.34
2.32
2.46
2.44
2.40
2.36
2.36
2.35
2.33
2.33
2.46
2.44
2.40
2.37
2.36
2.36
2.36
2.33
2.35
2.44
2.41
2.37
2.36
2.36
2.35
2.36
2.33
2.47
2.40
2.37
2.36
2.36
2.36
2.34
2.33
2.32
2.45
2.42
2.38
2.35
2.35
2.33
2.33
2.32
2.45
2.42
2.38
2.36
2.35
2.35
2.33
2.32
2.45
2.42
2.38
2.35
2.35
2.35
2.34
2.33
2.32
2.43
2.39
2.35
2.35
2.35
2.35
2.33
2.32
2.33
2.45
2.41
2.36
2.35
2.35
2.34
2.33
2.32
2.45
2.42
2.38
2.35
2.36
2.34
2.32
2.33
2.45
2.42
2.38
2.41
2.36
2.36
2.35
2.34
2.45
2.42
2.39
2.36
2.36
2.35
2.34
2.34
2.32
2.35
2.44
2.36
2.35
2.36
2.35
2.34
2.32
2.35
2.44
2.40
2.37
2.35
2.34
2.34
2.32
2.33
2.44
2.46
2.37
2.36
2.36
2.35
2.34
2.33
2.45
2.40
2.38
2.36
2.36
2.35
2.34
2.34
2.32
2.45
2.38
2.35
2.36
2.35
2.34
2.33
2.32
2.45
2.43
2.39
2.36
2.34
2.34
2.34
2.32
2.33
2.44
2.39
2.36
2.36
2.35
2.35
2.31
2.46
2.44
2.40
2.36
2.36
2.36
2.35
2.34
2.33
2.32
2.45
2.37
2.35
2.36
2.35
2.34
2.33
2.33
2.45
2.42
2.38
2.36
2.35
2.34
2.34
2.32
2.45
2.42
2.38
2.36
2.36
2.36
2.35
2.33
2.45
2.43
2.39
2.36
2.36
2.35
2.35
2.34
2.33
2.33
2.39
2.36
2.36
2.36
2.35
2.34
2.33
2.33
2.45
2.40
2.37
2.35
2.35
2.34
2.33
2.32
2.45
2.41
2.37
2.36
2.36
2.36
2.33
2.33
2.45
2.41
2.38
2.36
2.35
2.30
2.18
2.14
2.16
2.21
2.16
2.20
2.15
2.20
2.15
2.18
2.15
2.17
2.16
2.17
2.16
2.15
2.15
2.15
2.15
2.15
2.14
2.16
2.14
2.15
2.13
2.15
2.22
2.15
2.20
2.15
2.19
2.15
2.19
2.15
2.18
2.15
2.15
2.15
2.15
2.15
2.15
2.13
2.15
2.14
2.15
2.14
2.15
2.14
2.16
2.22
2.16
2.22
2.15
2.20
2.15
2.20
2.16
2.19
2.15
2.15
2.15
2.15
2.14
2.15
2.15
2.15
2.15
2.15
2.14
2.16
2.13
2.15
2.14
2.15
2.23
2.15
2.22
2.15
2.14
2.15
2.15
2.16
2.15
2.15
2.15
2.15
2.15
2.15
2.15
2.14
2.15
2.12
2.15
2.14
2.15
2.13
2.15
2.14
2.16
2.15
2.15
2.22
2.15
2.17
2.15
2.15
2.15
2.15
2.15
2.15
2.15
2.15
2.15
2.15
2.14
2.15
2.13
2.15
2.12
2.16
2.12
2.15
2.13
2.15
2.17
2.15
2.16
2.15
2.16
2.15
2.16
2.15
2.15
2.15
2.15
2.15
2.15
2.14
2.15
2.13
2.15
2.14
2.15
2.13
2.15
2.13
2.14
2.18
2.15
2.17
2.15
2.17
2.15
2.16
2.16
2.16
2.14
2.15
2.14
2.15
2.14
2.15
2.14
2.15
2.13
2.14
2.13
2.15
2.13
2.15
2.19
2.15
2.18
2.15
2.13
2.15
2.17
2.15
2.16
2.15
2.14
2.14
2.14
2.14
2.15
2.14
2.15
2.13
2.15
2.13
2.15
2.22
2.15
2.19
2.15
2.19
2.15
2.18
2.15
2.17
2.15
2.17
2.14
2.15
2.14
2.14
2.14
2.15
2.14
2.15
2.14
2.15
2.13
2.15
2.22
2.15
2.21
2.15
2.21
2.15
2.18
2.15
2.18
2.14
2.15
2.14
2.15
2.15
2.14
2.15
2.14
2.15
2.14
2.14
2.15
2.13
2.14
2.13
2.15
2.17
2.15
2.21
2.14
2.21
2.14
2.20
2.14
2.15
2.15
2.14
2.14
2.15
2.14
2.15
2.14
2.14
2.14
2.14
2.13
2.14
2.13
2.15
2.13
2.14
2.13
2.15
2.22
2.15
2.20
2.15
2.22
2.14
2.15
2.14
2.15
2.14
2.14
2.14
2.14
2.14
2.14
2.13
2.15
2.13
2.15
2.13
2.15
2.12
2.15
2.14
2.15
2.17
2.14
2.15
2.14
2.15
2.14
2.14
2.15
2.15
2.14
2.14
2.14
2.14
2.12
2.14
2.13
2.15
2.12
2.14
2.12
2.14
2.12
2.14
2.17
2.15
2.17
2.15
2.16
2.14
2.16
2.14
2.15
2.14
2.14
2.14
2.14
2.13
2.15
2.12
2.14
2.13
2.14
2.13
2.14
2.19
2.14
2.19
2.14
2.18
2.14
2.17
2.14
2.16
2.15
2.15
2.14
2.14
2.13
2.14
2.14
2.14
2.13
2.15
2.13
2.14
2.13
2.15
2.21
2.14
2.20
2.14
2.18
2.15
2.17
2.15
2.13
2.14
2.15
2.14
2.15
2.14
2.14
2.13
2.14
2.14
2.14
2.13
2.14
2.17
2.15
2.22
2.14
2.20
2.15
2.19
2.14
2.19
2.14
2.18
2.14
2.14
2.15
2.15
2.14
2.15
2.14
2.14
2.14
2.14
2.14
2.14
2.12
2.14
2.12
2.14
2.22
2.14
2.21
2.14
2.20
2.14
2.14
2.15
2.14
2.14
2.14
2.14
2.15
2.14
2.14
2.14
2.15
2.11
2.15
2.12
2.14
2.13
2.14
2.12
2.15
2.15
2.15
2.21
2.14
2.15
2.14
2.15
2.14
2.14
2.14
2.14
2.14
2.14
2.14
2.14
2.13
2.15
2.12
2.15
2.12
2.15
2.12
2.14
2.12
2.14
2.23
2.14
2.16
2.14
2.15
2.15
2.22
2.14
2.14
2.14
2.14
2.14
2.15
2.13
2.14
2.12
2.14
2.13
2.14
2.12
2.14
2.12
2.14
2.18
2.15
2.17
2.15
2.16
2.14
2.16
2.15
2.15
2.14
2.15
2.14
2.14
2.13
2.14
2.15
2.14
2.13
2.14
2.13
2.15
2.12
2.14
2.19
2.14
2.19
2.15
2.17
2.15
2.16
2.14
2.16
2.14
2.14
2.14
2.14
2.14
2.15
2.13
2.15
2.13
2.15
2.13
2.14
2.21
2.14
2.20
2.14
2.19
2.14
2.18
2.14
2.17
2.14
2.17
2.14
2.14
2.14
2.15
2.14
2.14
2.13
2.14
2.14
2.14
2.13
2.15
2.12
2.15
2.21
2.15
2.20
2.14
2.19
2.14
2.19
2.14
2.14
2.14
2.19
2.15
2.14
2.14
2.14
2.14
2.14
2.13
2.14
2.12
2.14
2.12
2.14
2.12
2.14
2.22
2.14
2.21
2.14
2.20
2.13
2.14
2.14
2.14
2.14
2.14
2.14
2.14
2.14
2.14
2.14
2.14
2.14
2.14
2.13
2.14
2.12
2.14
2.13
2.14
2.17
2.14
2.21
2.14
2.15
2.14
2.15
2.14
2.15
2.14
2.14
2.14
2.14
2.14
2.13
2.12
2.14
2.12
2.14
2.12
2.15
2.12
2.14
2.12
2.14
2.17
2.14
2.16
2.14
2.15
2.14
2.15
2.15
2.14
2.14
2.14
2.13
2.15
2.13
2.14
2.12
2.14
2.12
2.14
2.12
2.14
2.12
2.14
2.17
2.15
2.17
2.14
2.15
2.14
2.16
2.14
2.17
2.14
2.14
2.14
2.14
2.13
2.14
2.12
2.14
2.13
2.14
2.12
2.14
2.19
2.14
2.19
2.14
2.18
2.14
2.18
2.14
2.17
2.13
2.16
2.14
2.14
2.14
2.14
2.13
2.14
2.12
2.14
2.14
2.14
2.13
2.14
2.21
2.14
2.19
2.13
2.19
2.14
2.18
2.14
2.17
2.14
2.14
2.14
2.14
2.13
2.14
2.13
2.14
2.14
2.13
2.13
2.13
2.12
2.15
2.16
2.14
2.21
2.15
2.20
2.14
2.19
2.14
2.19
2.14
2.14
2.14
2.14
2.14
2.14
2.14
2.14
2.13
2.14
2.13
2.15
2.12
2.14
2.12
2.14
2.13
2.14
2.21
2.13
2.21
2.14
2.15
2.15
2.14
2.14
2.14
2.14
2.19
2.14
2.14
2.14
2.14
2.11
2.14
2.12
2.14
2.12
2.14
2.12
2.14
2.12
2.14
2.15
2.15
2.16
2.14
2.15
2.14
2.15
2.14
2.13
2.14
2.14
2.14
2.14
2.13
2.14
2.13
2.14
2.14
2.15
2.11
2.14
2.11
2.14
2.23
2.14
2.17
2.14
2.16
2.15
2.15
2.14
2.14
2.14
2.14
2.14
2.14
2.03
1.89
1.84
1.82
1.82
1.82
1.82
1.82
1.82
1.81
1.81
1.82
1.82
1.83
1.82
1.82
1.83
1.81
1.82
1.82
1.81
1.82
1.86
1.82
1.81
1.85
1.81
1.81
1.83
1.81
1.81
1.82
1.81
1.81
1.81
1.81
1.81
1.81
1.80
1.81
1.82
1.86
1.81
1.82
1.81
1.82
1.82
1.82
1.82
1.81
1.81
1.80
1.82
1.81
1.84
1.82
1.81
1.82
1.81
1.82
1.82
1.81
1.82
1.82
1.81
1.81
1.80
1.86
1.82
1.82
1.84
1.82
1.82
1.82
1.82
1.81
1.82
1.81
1.82
1.82
1.80
1.82
1.81
1.83
1.81
1.81
1.85
1.81
1.82
1.81
1.81
1.83
1.82
1.82
1.82
1.81
1.81
1.81
1.82
1.82
1.81
1.82
1.81
1.82
1.81
1.81
1.81
1.82
1.82
1.81
1.82
1.82
1.84
1.81
1.82
1.84
1.81
1.81
1.82
1.82
1.82
1.81
1.81
1.82
1.82
1.82
1.82
1.82
1.86
1.81
1.82
1.82
1.82
1.82
1.82
1.81
1.82
1.82
1.81
1.81
1.82
1.81
1.82
1.81
1.83
1.82
1.82
1.82
1.82
1.82
1.81
1.80
1.82
1.81
1.86
1.82
1.82
1.85
1.81
1.82
1.83
1.82
1.82
1.81
1.81
1.81
1.82
1.80
1.82
1.82
1.81
1.82
1.81
1.81
1.81
1.81
1.81
1.81
1.82
1.81
1.81
1.82
1.82
1.81
1.82
1.81
1.80
1.81
1.81
1.81
1.82
1.82
1.81
1.81
1.81
1.82
1.82
1.82
1.82
1.84
1.82
1.81
1.84
1.82
1.82
1.81
1.82
1.81
1.82
1.80
1.82
1.81
1.81
1.82
1.81
1.86
1.82
1.82
1.84
1.82
1.82
1.82
1.82
1.82
1.82
1.81
1.81
1.82
1.80
1.81
1.82
1.83
1.81
1.81
1.83
1.82
1.82
1.86
1.81
1.81
1.81
1.80
1.81
1.81
1.84
1.81
1.82
1.82
1.81
1.81
1.81
1.82
1.82
1.82
1.80
1.81
1.82
1.83
1.83
1.81
1.85
1.82
1.81
1.84
1.81
1.82
1.82
1.81
1.83
1.83
1.81
1.81
1.81
1.80
1.81
1.82
1.81
1.82
1.82
1.81
1.82
1.81
1.80
1.81
1.81
1.82
1.85
1.82
1.82
1.83
1.82
1.82
1.82
1.81
1.81
1.82
1.81
1.81
1.81
1.82
1.82
1.81
1.87
1.81
1.82
1.84
1.81
1.82
1.81
1.81
1.82
1.82
1.81
1.81
1.81
1.80
1.81
1.82
1.81
1.81
1.81
1.82
1.81
1.82
1.81
1.81
1.81
1.81
1.81
1.81
1.81
1.83
1.81
1.82
1.83
1.81
1.81
1.81
1.82
1.82
1.81
1.81
1.81
1.82
1.83
1.82
1.82
1.85
1.82
1.81
1.83
1.81
1.81
1.81
1.81
1.82
1.81
1.81
1.82
1.81
1.81
1.81
1.81
1.86
1.81
1.81
1.82
1.81
1.82
1.81
1.81
1.81
1.82
1.81
1.81
1.81
1.82
1.82
1.81
1.82
1.82
1.80
1.82
1.81
1.81
1.82
1.80
1.82
1.81
1.87
1.81
1.81
1.85
1.81
1.82
1.83
1.81
1.81
1.81
1.81
1.82
1.82
1.80
1.81
1.81
1.80
1.82
1.81
1.82
1.82
1.81
1.83
1.81
1.81
1.81
1.80
1.81
1.81
1.80
1.81
1.82
1.83
1.82
1.82
1.82
1.81
1.81
1.81
1.82
1.81
1.82
1.82
1.81
1.82
1.85
1.82
1.81
1.83
1.82
1.81
1.82
1.81
1.82
1.82
1.81
1.82
1.82
1.81
1.81
1.81
1.87
1.82
1.82
1.81
1.82
1.82
1.81
1.82
1.81
1.81
1.81
1.81
1.81
1.83
1.82
1.81
1.82
1.82
1.81
1.82
1.81
1.81
1.81
1.81
1.82
1.81
1.87
1.82
1.81
1.84
1.81
1.82
1.83
1.81
1.82
1.81
1.81
1.81
1.82
1.81
1.81
1.81
1.81
1.81
1.82
1.85
1.82
1.81
1.82
1.81
1.81
1.82
1.81
1.82
1.81
1.80
1.81
1.81
1.83
1.82
1.82
1.82
1.81
1.82
1.81
1.82
1.82
1.81
1.82
1.82
1.83
1.85
1.82
1.81
1.83
1.82
1.81
1.81
1.82
1.81
1.81
1.80
1.83
1.81
1.80
1.81
1.81
1.87
1.81
1.81
1.85
1.81
1.82
1.82
1.82
1.81
1.81
1.81
1.81
1.81
1.80
1.81
1.82
1.81
1.83
1.82
1.82
1.81
1.81
1.82
1.81
1.82
1.81
1.86
1.82
1.81
1.85
1.81
1.81
1.82
1.81
1.81
1.82
1.81
1.81
1.81
1.81
1.82
1.82
1.80
1.81
1.81
1.86
1.82
1.81
1.82
1.82
1.81
1.82
1.81
1.82
1.81
1.80
1.82
1.81
1.80
1.81
1.82
1.82
1.81
1.82
1.81
1.81
1.81
1.81
1.81
1.81
1.82
1.85
1.82
1.81
1.83
1.82
1.81
1.82
1.82
1.81
1.82
1.80
1.82
1.82
1.81
1.82
1.81
1.87
1.82
1.81
1.85
1.81
1.83
1.82
1.82
1.82
1.81
1.81
1.81
1.81
1.80
1.81
1.82
1.82
1.82
1.82
1.81
1.82
1.81
1.82
1.81
1.80
1.82
1.81
1.82
1.82
1.82
1.82
1.81
1.83
1.81
1.82
1.82
1.82
1.82
1.81
1.82
1.81
1.82
1.81
1.81
1.82
1.86
1.81
1.82
1.84
1.82
1.81
1.82
1.81
1.80
1.81
1.80
1.82
1.81
1.80
1.81
1.81
1.80
1.82
1.82
1.81
1.81
1.82
1.81
1.82
1.81
1.81
1.81
1.81
1.83
1.84
1.82
1.82
1.81
1.82
1.81
1.80
1.81
1.81
1.82
1.80
1.82
1.81
1.83
1.81
1.81
1.85
1.81
1.82
1.81
1.80
1.81
1.82
1.81
1.80
1.81
1.81
1.82
1.82
1.80
1.81
1.82
1.81
1.83
1.82
1.82
1.81
1.81
1.82
1.81
1.81
1.82
1.85
1.82
1.81
1.84
1.81
1.81
1.82
1.81
1.82
1.80
1.81
1.82
1.81
1.81
1.82
1.82
1.86
1.81
1.82
1.84
1.82
1.82
1.82
1.82
1.82
1.82
1.81
1.82
1.81
1.80
1.82
1.81
1.82
1.82
1.82
1.82
1.81
1.82
1.81
1.81
1.82
1.84
1.81
1.82
1.82
1.84
1.81
1.82
1.83
1.82
1.81
1.81
1.81
1.81
1.82
1.81
1.82
1.82
1.82
1.82
1.81
1.85
1.62
1.42
1.27
1.14
1.03
0.94
0.86
0.79
0.73
0.67
0.61
0.57
0.53
0.49
0.44
0.42
0.39
0.36
0.33
0.31
0.29
0.27
0.25
0.23
0.22
0.21
0.19
0.18
0.17
0.15
0.15
0.13
0.12
0.11
0.10
0.09
0.09
0.08
0.08
0.08
0.07
0.06
0.06
0.05
0.04
0.04
0.04
0.04
0.03
0.03
0.03
0.02
0.02
0.02
0.02
0.01
0.02
0.01
0.01
0.01
0.00
0.01
0.00
0.00
0.00
0.00
0.00
0.00
0.00
0.00
0.00
0.00
0.00
0.00
0.00
0.00
0.00
0.00
0.00
0.00
0.00
0.00
0.00
0.00
0.00
0.00
0.00
0.00
0.00
0.00
0.00
0.00
0.00
0.00
0.00
0.00
0.00
0.00
0.00
0.00
0.00
0.00
0.00
0.00
0.00
0.00
0.00
0.00
0.00
0.00