0.00
0.22
0.78
1.08
1.26
1.33
1.37
1.40
1.42
1.42
1.43
1.43
1.45
1.43
1.43
1.43
1.45
1.27
1.13
1.02
0.91
0.82
0.75
0.69
0.62
0.58
0.53
0.48
0.45
0.41
0.38
0.36
0.33
0.30
0.28
0.26
0.24
0.22
0.21
0.20
0.18
0.17
0.16
0.15
0.13
0.12
0.11
0.11
0.10
0.08
0.09
0.08
0.07
0.07
0.06
0.05
0.05
0.05
0.05
0.04
0.04
0.03
0.03
0.03
0.03
0.03
0.02
0.02
0.02
0.01
0.01
0.01
0.01
0.00
0.00
0.00
0.00
0.36
1.01
1.29
1.44
1.51
1.55
1.56
1.57
1.58
1.58
1.58
1.58
1.57
1.58
1.59
1.39
1.23
1.09
0.98
0.89
0.80
0.73
0.67
0.61
0.56
0.51
0.48
0.44
0.41
0.38
0.35
0.32
0.30
0.28
0.26
0.23
0.22
0.21
0.19
0.18
0.16
0.16
0.14
0.13
0.12
0.11
0.10
0.09
0.09
0.09
0.08
0.07
0.07
0.06
0.05
0.05
0.05
0.04
0.04
0.04
0.03
0.03
0.02
0.02
0.02
0.02
0.01
0.02
0.01
0.01
0.01
0.01
0.01
0.00
0.01
0.00
0.01
0.00
0.00
0.00
0.00
0.00