00014 00006 00014 00255 00000 00008 00000 36980
00014 00006 00014 00255 00000 00008 00000 36711
00014 00006 00014 00255 00000 00008 00000 36441
00014 00006 00014 00255 00000 00008 00000 36172
00014 00006 00014 00255 00000 00008 00000 35902
00014 00006 00014 00255 00000 00008 00000 35633
00014 00006 00014 00255 00000 00008 00000 35363
00014 00006 00014 00255 00000 00008 00000 35094
00014 00006 00014 00255 00000 00008 00000 34824
00014 00006 00014 00255 00000 00008 00000 34555
00014 00006 00014 00255 00000 00008 00000 34295
00014 00006 00014 00255 00000 00008 00000 34026
00014 00006 00014 00255 00000 00008 00000 33757
00014 00006 00014 00255 00000 00008 00000 33487
00014 00006 00014 00255 00000 00008 00000 33218
00014 00006 00014 00255 00000 00008 00000 32948
00014 00006 00014 00255 00000 00008 00000 32679
00014 00006 00014 00255 00000 00008 00000 32300
00014 00006 00014 00255 00000 00008 00000 32130
00014 00006 00014 00255 00000 00008 00000 31861
00014 00005 00014 00255 00000 00008 00000 31592
00014 00006 00014 00255 00000 00008 00000 31322
00014 00006 00014 00255 00000 00008 00000 31053
00014 00006 00014 00255 00000 00008 00000 30783
00014 00006 00014 00255 00000 00008 00000 30514
00014 00006 00014 00255 00000 00008 00000 30245
00014 00006 00014 00255 00000 00008 00000 29975
00014 00006 00014 00255 00000 00008 00000 29716
00014 00006 00014 00255 00000 00008 00000 29446
00014 00006 00014 00255 00000 00008 00000 29177
00014 00006 00014 00255 00000 00008 00000 28807
00014 00006 00014 00255 00000 00008 00000 28637
00014 00006 00014 00255 00000 00008 00000 28368
00014 00006 00014 00255 00000 00008 00000 28098
00014 00006 00014 00255 00000 00008 00000 27829
00014 00006 00014 00255 00000 00008 00000 27550
00014 00006 00014 00255 00000 00008 00000 27281
00014 00006 00014 00255 00000 00008 00000 27011
00014 00006 00014 00255 00000 00008 00000 26742
00014 00006 00014 00255 00000 00008 00000 26473
00014 00006 00014 00255 00000 00009 00000 26203
00014 00006 00014 00255 00000 00008 00000 25933
00014 00006 00014 00255 00000 00008 00000 25664
00014 00006 00014 00255 00000 00008 00000 25395
00014 00006 00014 00255 00000 00008 00000 25135
00014 00006 00014 00255 00000 00008 00000 24866
00014 00006 00014 00255 00000 00008 00000 24596
00014 00006 00014 00255 00000 00008 00000 24327
00014 00006 00014 00255 00000 00008 00000 24057
00014 00006 00014 00255 00000 00008 00000 23788
00014 00006 00014 00255 00000 00008 00000 23518
00014 00006 00014 00255 00000 00008 00000 23249
00014 00006 00014 00255 00000 00008 00000 22979
00014 00006 00014 00255 00000 00008 00000 22600
00014 00006 00014 00255 00000 00008 00000 22430
00014 00006 00014 00255 00000 00008 00000 22161
00014 00006 00014 00255 00000 00008 00000 21892
00014 00006 00014 00255 00000 00008 00000 21622
00014 00006 00014 00255 00000 00008 00000 21353
00014 00006 00014 00255 00000 00008 00000 21084
00014 00006 00014 00255 00000 00008 00000 20814
00014 00006 00014 00255 00000 00008 00000 20544
00014 00006 00014 00255 00000 00008 00000 20275
00014 00006 00014 00255 00000 00008 00000 19016
00014 00006 00014 00255 00000 00008 00000 19746
00014 00006 00014 00255 00000 00008 00000 19477
00014 00006 00014 00255 00000 00008 00000 19107
00014 00006 00014 00255 00000 00008 00000 18938
00014 00006 00014 00255 00000 00008 00000 18668
00014 00006 00014 00255 00000 00008 00000 18399
00014 00006 00014 00255 00000 00008 00000 18129
00014 00006 00014 00255 00000 00008 00000 17850
00014 00006 00014 00255 00000 00008 00000 17580
00014 00006 00014 00255 00000 00008 00000 17311
00014 00006 00014 00255 00000 00008 00000 17041
00014 00006 00014 00255 00000 00008 00000 16772
00014 00006 00014 00255 00000 00008 00000 16502
00014 00006 00014 00255 00000 00008 00000 16233
00014 00006 00014 00255 00000 00008 00000 15964
00014 00006 00014 00255 00000 00008 00000 15694
00014 00006 00014 00255 00000 00008 00000 15425
00014 00006 00014 00255 00000 00008 00000 15155
00014 00006 00014 00255 00000 00008 00000 14896
00014 00006 00014 00255 00000 00008 00000 14626
00014 00006 00014 00255 00000 00008 00000 14357
00014 00006 00014 00255 00000 00008 00000 14087
00014 00006 00014 00255 00000 00008 00000 13818
00014 00006 00014 00255 00000 00008 00000 13549
00014 00006 00014 00255 00000 00008 00000 13279
00014 00006 00014 00255 00000 00008 00000 12909
00014 00006 00014 00255 00000 00008 00000 12730
00014 00006 00014 00255 00000 00008 00000 12460
00014 00006 00014 00255 00000 00008 00000 12191
00014 00006 00014 00255 00000 00008 00000 11921
00014 00006 00014 00255 00000 00008 00000 11652
00014 00006 00014 00255 00000 00008 00000 11382
00014 00006 00014 00255 00000 00008 00000 11112
00014 00006 00014 00255 00000 00008 00000 10843
00014 00006 00014 00255 00000 00008 00000 10573
00014 00006 00014 00255 00000 00008 00000 10304
00014 00006 00014 00255 00000 00008 00000 10034
00014 00006 00014 00255 00000 00008 00000 09765
00014 00006 00014 00255 00000 00008 00000 09495
00014 00006 00014 00255 00000 00008 00000 09235
00014 00006 00014 00255 00000 00008 00000 08966
00014 00006 00014 00255 00000 00008 00000 08696
00014 00006 00014 00255 00000 00008 00000 08427
00014 00006 00014 00255 00000 00008 00000 08157
00014 00006 00014 00255 00000 00008 00000 07888
00014 00006 00014 00255 00000 00009 00000 07618
00014 00006 00014 00255 00000 00008 00000 07349
00014 00006 00014 00255 00000 00008 00000 07070
00014 00006 00014 00255 00000 00008 00000 06700
00014 00006 00014 00255 00000 00008 00000 06530
00014 00006 00014 00255 00000 00008 00000 06261
00014 00000 00014 00255 00000 00008 00000 05991
00014 00000 00014 00255 00000 00014 00000 05614
00014 00000 00014 00255 00000 00014 00000 05144
00014 00000 00014 00255 00000 00014 00000 04673
00014 00000 00014 00255 00000 00014 00000 04103
00014 00000 00014 00255 00000 00014 00000 03732
00014 00000 00014 00255 00000 00014 00000 03262
00014 00000 00014 00255 00000 00014 00000 02792
00014 00000 00014 00255 00000 00014 00000 02321
00014 00000 00014 00255 00000 00014 00000 01851
00014 00000 00014 00255 00000 00014 00000 01380
00014 00000 00014 00255 00000 00014 00000 00910
00014 00014 00014 00103 00000 00014 00000 00449
00014 00014 00014 00143 00000 00000 00000 00143
00014 00014 00014 00144 00000 00000 00000 00143
00014 00014 00014 00143 00000 00000 00000 00144
00014 00014 00014 00143 00000 00000 00000 00143
00014 00014 00014 00144 00000 00000 00000 00144
00014 00014 00014 00143 00000 00000 00000 00143
00014 00014 00014 00144 00000 00000 00000 00143
00014 00014 00014 00143 00000 00000 00000 00143
00014 00014 00014 00144 00000 00000 00000 00143
00014 00014 00014 00143 00000 00000 00000 00144
00014 00014 00014 00143 00000 00000 00000 00143
00014 00014 00014 00143 00000 00000 00000 00144
00014 00014 00014 00143 00000 00000 00000 00143
00014 00014 00014 00144 00000 00000 00000 00144
00014 00014 00014 00143 00000 00000 00000 00143
00014 00014 00014 00144 00000 00000 00000 00143
00014 00014 00014 00143 00000 00000 00000 00144
00014 00014 00014 00144 00000 00000 00000 00143
00014 00014 00014 00143 00000 00000 00000 00144
00014 00014 00014 00143 00000 00000 00000 00143
00014 00014 00014 00144 00000 00000 00000 00144
00014 00014 00014 00143 00000 00000 00000 00143
00014 00014 00014 00144 00000 00000 00000 00143
00014 00014 00014 00143 00000 00000 00000 00143
00014 00014 00014 00144 00000 00000 00000 00143
00014 00014 00014 00143 00000 00000 00000 00144
00014 00014 00014 00143 00000 00000 00000 00143
00014 00014 00014 00143 00000 00000 00000 00144
00014 00014 00014 00143 00000 00000 00000 00143
00014 00014 00014 00144 00000 00000 00000 00144
00014 00014 00014 00143 00000 00000 00000 00143
00014 00014 00014 00144 00000 00000 00000 00143
00014 00014 00014 00143 00000 00000 00000 00143
00014 00014 00014 00144 00000 00000 00000 00143
00014 00014 00014 00143 00000 00000 00000 00144
00014 00014 00014 00143 00000 00000 00000 00143
00014 00014 00014 00144 00000 00000 00000 00144
00014 00014 00014 00143 00000 00000 00000 00143
00014 00014 00014 00144 00000 00000 00000 00143
00014 00014 00014 00143 00000 00000 00000 00143
00014 00014 00014 00144 00000 00000 00000 00143
00014 00014 00014 00143 00000 00000 00000 00144
00014 00014 00014 00143 00000 00000 00000 00143
00014 00014 00014 00143 00000 00000 00000 00144
