00009 00006 00009 00255 00000 00003 00000 14904
00009 00006 00009 00255 00000 00003 00000 14703
00009 00006 00009 00255 00000 00003 00000 14602
00009 00006 00009 00255 00000 00003 00000 14591
00009 00006 00009 00255 00000 00003 00000 14499
00009 00006 00009 00255 00000 00003 00000 14398
00009 00006 00009 00255 00000 00003 00000 14296
00009 00006 00009 00255 00000 00003 00000 14195
00009 00006 00009 00255 00000 00003 00000 14094
00009 00006 00009 00255 00000 00003 00000 13992
00009 00006 00009 00255 00000 00003 00000 13880
00009 00006 00009 00255 00000 00003 00000 13789
00009 00006 00009 00255 00000 00003 00000 13688
00009 00006 00009 00255 00000 00003 00000 13586
00009 00006 00009 00255 00000 00003 00000 13485
00009 00006 00009 00255 00000 00003 00000 13383
00009 00006 00009 00255 00000 00003 00000 13282
00009 00006 00009 00255 00000 00003 00000 13170
00009 00006 00009 00255 00000 00003 00000 13079
00009 00006 00009 00255 00000 00003 00000 12977
00009 00006 00009 00255 00000 00003 00000 12876
00009 00006 00009 00255 00000 00003 00000 12774
00009 00006 00009 00255 00000 00003 00000 12673
00009 00006 00009 00255 00000 00003 00000 12561
00009 00006 00009 00255 00000 00003 00000 12460
00009 00006 00009 00255 00000 00003 00000 12369
00009 00006 00009 00255 00000 00003 00000 12268
00009 00006 00009 00255 00000 00003 00000 12166
00009 00006 00009 00255 00000 00003 00000 12064
00009 00006 00009 00255 00000 00003 00000 11963
00009 00006 00009 00255 00000 00003 00000 11852
00009 00006 00009 00255 00000 00003 00000 11750
00009 00006 00009 00255 00000 00003 00000 11659
00009 00006 00009 00255 00000 00003 00000 11557
00009 00006 00009 00255 00000 00003 00000 11456
00009 00006 00009 00255 00000 00003 00000 11354
00009 00006 00009 00255 00000 00003 00000 11253
00009 00006 00009 00255 00000 00003 00000 11142
00009 00006 00009 00255 00000 00003 00000 11040
00009 00006 00009 00255 00000 00003 00000 10949
00009 00006 00009 00255 00000 00003 00000 10847
00009 00006 00009 00255 00000 00003 00000 10746
00009 00006 00009 00255 00000 00003 00000 10645
00009 00006 00009 00255 00000 00003 00000 10543
00009 00006 00009 00255 00000 00003 00000 10442
00009 00006 00009 00255 00000 00003 00000 10331
00009 00006 00009 00255 00000 00003 00000 10239
00009 00006 00009 00255 00000 00003 00000 10138
00009 00006 00009 00255 00000 00003 00000 10037
00009 00006 00009 00255 00000 00003 00000 09935
00009 00006 00009 00255 00000 00003 00000 09834
00009 00006 00009 00255 00000 00003 00000 09732
00009 00006 00009 00255 00000 00003 00000 09621
00009 00006 00009 00255 00000 00003 00000 09529
00009 00006 00009 00255 00000 00003 00000 09427
00009 00006 00009 00255 00000 00003 00000 09326
00009 00006 00009 00255 00000 00003 00000 09225
00009 00006 00009 00255 00000 00003 00000 09123
00009 00006 00009 00255 00000 00003 00000 09022
00009 00006 00009 00255 00000 00003 00000 08910
00009 00006 00009 00255 00000 00003 00000 08819
00009 00006 00009 00255 00000 00003 00000 08717
00009 00006 00009 00255 00000 00003 00000 08616
00009 00006 00009 00255 00000 00003 00000 08515
00009 00006 00009 00255 00000 00003 00000 08414
00009 00006 00009 00255 00000 00003 00000 08313
00009 00006 00009 00255 00000 00003 00000 08201
00009 00006 00009 00255 00000 00003 00000 08100
00009 00006 00009 00255 00000 00003 00000 08009
00009 00006 00009 00255 00000 00003 00000 07908
00009 00006 00009 00255 00000 00003 00000 07807
00009 00006 00009 00255 00000 00003 00000 07706
00009 00006 00009 00255 00000 00003 00000 07604
00009 00006 00009 00255 00000 00003 00000 07403
00009 00006 00009 00255 00000 00003 00000 07302
00009 00006 00009 00255 00000 00003 00000 07290
00009 00006 00009 00255 00000 00003 00000 07199
00009 00006 00009 00255 00000 00003 00000 07098
00009 00006 00009 00255 00000 00003 00000 06996
00009 00006 00009 00255 00000 00003 00000 06895
00009 00006 00009 00255 00000 00003 00000 06793
00009 00006 00009 00255 00000 00003 00000 06692
00009 00006 00009 00255 00000 00003 00000 06580
00009 00006 00009 00255 00000 00003 00000 06489
00009 00006 00009 00255 00000 00003 00000 06388
00009 00006 00009 00255 00000 00003 00000 06286
00009 00006 00009 00255 00000 00003 00000 06185
00009 00006 00009 00255 00000 00003 00000 06083
00009 00006 00009 00255 00000 00003 00000 05982
00009 00006 00009 00255 00000 00003 00000 05871
00009 00006 00009 00255 00000 00003 00000 05770
00009 00006 00009 00255 00000 00003 00000 05678
00009 00006 00009 00255 00000 00003 00000 05577
00009 00006 00009 00255 00000 00003 00000 05475
00009 00006 00009 00255 00000 00003 00000 05374
00009 00006 00009 00255 00000 00003 00000 05273
00009 00006 00009 00255 00000 00003 00000 05161
00009 00006 00009 00255 00000 00003 00000 05060
00009 00006 00009 00255 00000 00003 00000 04969
00009 00006 00009 00255 00000 00004 00000 04867
00009 00006 00009 00255 00000 00003 00000 04766
00009 00006 00009 00255 00000 00003 00000 04664
00009 00006 00009 00255 00000 00003 00000 04563
00009 00006 00009 00255 00000 00003 00000 04462
00009 00006 00009 00255 00000 00003 00000 04350
00009 00006 00009 00255 00000 00003 00000 04259
00009 00006 00009 00255 00000 00003 00000 04158
00009 00006 00009 00255 00000 00003 00000 04056
00009 00006 00009 00255 00000 00003 00000 03955
00009 00006 00009 00255 00000 00003 00000 03853
00009 00006 00009 00255 00000 00003 00000 03742
00009 00006 00009 00255 00000 00003 00000 03640
00009 00006 00009 00255 00000 00003 00000 03548
00009 00006 00009 00255 00000 00003 00000 03447
00009 00006 00009 00255 00000 00003 00000 03345
00009 00006 00009 00255 00000 00003 00000 03244
00009 00006 00009 00255 00000 00003 00000 03142
00009 00000 00009 00255 00000 00003 00000 03031
00009 00000 00009 00255 00000 00009 00000 02708
00009 00000 00009 00255 00000 00009 00000 02495
00009 00000 00009 00255 00000 00009 00000 02193
00009 00000 00009 00255 00000 00009 00000 01891
00009 00000 00009 00255 00000 00009 00000 01598
00009 00000 00009 00255 00000 00009 00000 01296
00009 00000 00009 00255 00000 00009 00000 00983
00009 00000 00009 00255 00000 00009 00000 00681
00009 00000 00009 00237 00000 00009 00000 00389
00009 00009 00009 00129 00000 00000 00000 00130
00009 00009 00009 00130 00000 00000 00000 00130
00009 00009 00009 00130 00000 00000 00000 00130
00009 00009 00009 00130 00000 00000 00000 00129
00009 00009 00009 00130 00000 00000 00000 00129
00009 00009 00009 00130 00000 00000 00000 00120
00009 00009 00009 00130 00000 00000 00000 00130
00009 00009 00009 00129 00000 00000 00000 00130
00009 00009 00009 00130 00000 00000 00000 00130
00009 00009 00009 00130 00000 00000 00000 00130
00009 00009 00009 00130 00000 00000 00000 00130
00009 00009 00009 00130 00000 00000 00000 00129
00009 00009 00009 00130 00000 00000 00000 00130
00009 00009 00009 00130 00000 00000 00000 00130
00009 00009 00009 00130 00000 00000 00000 00130
00009 00009 00009 00129 00000 00000 00000 00130
00009 00009 00009 00129 00000 00000 00000 00130
00009 00009 00009 00129 00000 00000 00000 00130
00009 00009 00009 00130 00000 00000 00000 00130
00009 00009 00009 00130 00000 00000 00000 00130
00009 00009 00009 00130 00000 00000 00000 00129
00009 00009 00009 00130 00000 00000 00000 00129
00009 00009 00009 00130 00000 00000 00000 00130
00009 00009 00009 00129 00000 00000 00000 00130
00009 00009 00009 00129 00000 00000 00000 00130
00009 00009 00009 00130 00000 00000 00000 00130
00009 00009 00009 00130 00000 00000 00000 00130
00009 00009 00009 00130 00000 00000 00000 00130
00009 00009 00009 00130 00000 00000 00000 00129
00009 00009 00009 00130 00000 00000 00000 00130
00009 00009 00009 00130 00000 00000 00000 00129
00009 00009 00009 00130 00000 00000 00000 00130
00009 00009 00009 00129 00000 00000 00000 00130
00009 00009 00009 00129 00000 00000 00000 00130
00009 00009 00009 00130 00000 00000 00000 00130
00009 00009 00009 00130 00000 00000 00000 00130
00009 00009 00009 00130 00000 00000 00000 00130
00009 00009 00009 00130 00000 00000 00000 00130
00009 00009 00009 00130 00000 00000 00000 00130
00009 00009 00009 00130 00000 00000 00000 00130
00009 00009 00009 00129 00000 00000 00000 00129
00009 00009 00009 00129 00000 00000 00000 00130
00009 00009 00009 00129 00000 00000 00000 00130
00009 00009 00009 00130 00000 00000 00000 00139
00009 00009 00009 00129 00000 00000 00000 00129
00009 00009 00009 00130 00000 00000 00000 00129
00009 00009 00009 00130 00000 00000 00000 00129
00009 00009 00009 00129 00000 00000 00000 00129
00009 00009 00009 00129 00000 00000 00000 00130
