00024 00006 00024 00255 00000 00018 00000 23967
00024 00006 00024 00255 00000 00018 00000 23362
00024 00006 00024 00255 00000 00018 00000 22757
00024 00006 00024 00255 00000 00018 00000 22152
00024 00006 00024 00255 00000 00018 00000 21547
00024 00006 00024 00255 00000 00019 00000 20942
00024 00006 00024 00255 00000 00018 00000 20337
00024 00006 00024 00255 00000 00018 00000 19732
00024 00006 00024 00255 00000 00018 00000 19127
00024 00006 00024 00255 00000 00018 00000 18522
00024 00006 00024 00255 00000 00018 00000 17918
00024 00006 00024 00255 00000 00018 00000 17213
00024 00006 00024 00255 00000 00018 00000 16608
00024 00006 00024 00255 00000 00018 00000 16002
00024 00006 00024 00255 00000 00018 00000 15497
00024 00006 00024 00255 00000 00018 00000 14893
00024 00006 00024 00255 00000 00018 00000 14287
00024 00006 00024 00255 00000 00018 00000 13682
00024 00006 00024 00255 00000 00018 00000 13077
00024 00006 00024 00255 00000 00018 00000 12473
00024 00006 00024 00255 00000 00018 00000 11868
00024 00006 00024 00255 00000 00018 00000 11263
00024 00006 00024 00255 00000 00018 00000 10658
00024 00006 00024 00255 00000 00018 00000 10053
00024 00006 00024 00255 00000 00018 00000 09448
00024 00006 00024 00255 00000 00018 00000 08843
00024 00006 00024 00255 00000 00018 00000 08238
00024 00006 00024 00255 00000 00018 00000 07632
00024 00006 00024 00255 00000 00018 00000 07028
00024 00006 00024 00255 00000 00018 00000 06423
00024 00006 00024 00255 00000 00018 00000 05818
00024 00006 00024 00255 00000 00018 00000 05113
00024 00006 00024 00255 00000 00018 00000 04508
00024 00006 00024 00255 00000 00018 00000 03903
00024 00006 00024 00255 00000 00018 00000 03398
00024 00006 00024 00255 00000 00018 00000 02793
00024 00006 00024 00255 00000 00018 00000 02188
00024 00006 00024 00255 00000 00018 00000 01583
00024 00006 00024 00255 00000 00018 00000 00978
00024 00006 00024 00255 00000 00018 00000 00373
00024 00006 00024 00255 00000 00018 00000 65204
00024 00006 00024 00255 00000 00018 00000 64699
00024 00006 00024 00255 00000 00018 00000 64094
00024 00006 00024 00255 00000 00018 00000 63489
00024 00006 00024 00255 00000 00018 00000 62884
00024 00006 00024 00255 00000 00018 00000 62279
00024 00006 00024 00255 00000 00018 00000 61674
00024 00006 00024 00255 00000 00018 00000 61069
00024 00006 00024 00255 00000 00018 00000 60464
00024 00006 00024 00255 00000 00018 00000 59859
00024 00006 00024 00255 00000 00018 00000 59254
00024 00006 00024 00255 00000 00018 00000 58649
00024 00005 00024 00255 00000 00018 00000 58044
00024 00006 00024 00255 00000 00018 00000 57439
00024 00006 00024 00255 00000 00018 00000 56834
00024 00006 00024 00255 00000 00018 00000 56220
00024 00006 00024 00255 00000 00018 00000 55625
00024 00006 00024 00255 00000 00018 00000 54010
00024 00006 00024 00255 00000 00018 00000 54415
00024 00006 00024 00255 00000 00018 00000 53700
00024 00006 00024 00255 00000 00018 00000 53105
00024 00006 00024 00255 00000 00018 00000 52590
00024 00006 00024 00255 00000 00018 00000 51995
00024 00006 00024 00255 00000 00018 00000 51380
00024 00006 00024 00255 00000 00018 00000 50785
00024 00006 00024 00255 00000 00018 00000 50170
00024 00006 00024 00255 00000 00018 00000 49576
00024 00006 00024 00255 00000 00018 00000 48961
00024 00006 00024 00255 00000 00018 00000 48366
00024 00006 00024 00255 00000 00018 00000 47751
00024 00006 00024 00255 00000 00018 00000 47156
00024 00006 00024 00255 00000 00018 00000 46541
00024 00006 00024 00255 00000 00018 00000 45946
00024 00006 00024 00255 00000 00018 00000 45331
00024 00006 00024 00255 00000 00018 00000 44736
00024 00006 00024 00255 00000 00018 00000 44121
00024 00006 00024 00255 00000 00018 00000 43526
00024 00006 00024 00255 00000 00018 00000 42911
00024 00006 00024 00255 00000 00018 00000 42316
00024 00006 00024 00255 00000 00018 00000 41602
00024 00006 00024 00255 00000 00018 00000 41007
00024 00006 00024 00255 00000 00018 00000 40492
00024 00006 00024 00255 00000 00018 00000 39897
00024 00006 00024 00255 00000 00018 00000 39282
00024 00006 00024 00255 00000 00018 00000 38687
00024 00006 00024 00255 00000 00018 00000 38072
00024 00006 00024 00255 00000 00018 00000 37477
00024 00006 00024 00255 00000 00018 00000 36872
00024 00006 00024 00255 00000 00018 00000 36267
00024 00006 00024 00255 00000 00018 00000 35662
00024 00006 00024 00255 00000 00018 00000 35057
00024 00006 00024 00255 00000 00018 00000 34453
00024 00006 00024 00255 00000 00018 00000 33848
00024 00006 00024 00255 00000 00018 00000 33243
00024 00006 00024 00255 00000 00018 00000 32638
00024 00006 00024 00255 00000 00018 00000 32033
00024 00006 00024 00255 00000 00018 00000 31428
00024 00006 00024 00255 00000 00018 00000 30823
00024 00006 00024 00255 00000 00018 00000 30218
00024 00006 00024 00255 00000 00018 00000 29513
00024 00006 00024 00255 00000 00018 00000 28908
00024 00006 00024 00255 00000 00018 00000 28303
00024 00006 00024 00255 00000 00018 00000 27798
00024 00006 00024 00255 00000 00018 00000 27193
00024 00006 00024 00255 00000 00018 00000 26588
00024 00006 00024 00255 00000 00018 00000 25983
00024 00006 00024 00255 00000 00018 00000 25378
00024 00006 00024 00255 00000 00018 00000 24773
00024 00006 00024 00255 00000 00018 00000 24168
00024 00006 00024 00255 00000 00018 00000 23563
00024 00006 00024 00255 00000 00018 00000 22958
00024 00006 00024 00255 00000 00018 00000 22353
00024 00006 00024 00255 00000 00018 00000 21748
00024 00006 00024 00255 00000 00018 00000 21143
00024 00006 00024 00255 00000 00018 00000 20539
00024 00006 00024 00255 00000 00018 00000 19934
00024 00006 00024 00255 00000 00018 00000 19329
00024 00006 00024 00255 00000 00018 00000 18724
00024 00006 00024 00255 00000 00018 00000 18119
00024 00006 00024 00255 00000 00018 00000 17414
00024 00006 00024 00255 00000 00018 00000 16809
00024 00006 00024 00255 00000 00018 00000 16204
00024 00006 00024 00255 00000 00018 00000 15699
00024 00006 00024 00255 00000 00018 00000 15094
00024 00006 00024 00255 00000 00018 00000 14489
00024 00006 00024 00255 00000 00018 00000 13884
00024 00006 00024 00255 00000 00018 00000 13279
00024 00006 00024 00255 00000 00018 00000 12674
00024 00006 00024 00255 00000 00018 00000 12069
00024 00006 00024 00255 00000 00018 00000 11464
00024 00006 00024 00255 00000 00018 00000 10859
00024 00006 00024 00255 00000 00018 00000 10254
00024 00000 00024 00255 00000 00024 00000 09510
00024 00000 00024 00255 00000 00024 00000 08704
00024 00000 00024 00255 00000 00024 00000 07907
00024 00000 00024 00255 00000 00024 00000 07191
00024 00000 00024 00255 00000 00024 00000 06385
00024 00000 00024 00255 00000 00024 00000 05588
00024 00000 00024 00255 00000 00024 00000 04772
00024 00000 00024 00255 00000 00024 00000 03965
00024 00000 00024 00255 00000 00024 00000 03169
00024 00000 00024 00255 00000 00024 00000 02352
00024 00000 00024 00255 00000 00024 00000 01546
00024 00024 00024 00255 00000 00024 00000 00740
00024 00024 00024 00168 00000 00000 00000 00167
00024 00024 00024 00168 00000 00000 00000 00167
00024 00024 00024 00168 00000 00000 00000 00168
00024 00024 00024 00168 00000 00000 00000 00168
00024 00024 00024 00168 00000 00000 00000 00168
00024 00024 00024 00168 00000 00000 00000 00167
00024 00024 00024 00168 00000 00000 00000 00168
00024 00024 00024 00168 00000 00000 00000 00167
00024 00024 00024 00168 00000 00000 00000 00167
00024 00024 00024 00168 00000 00000 00000 00167
00024 00024 00024 00168 00000 00000 00000 00167
00024 00024 00024 00167 00000 00000 00000 00168
00024 00024 00024 00168 00000 00000 00000 00168
00024 00024 00024 00167 00000 00000 00000 00168
00024 00024 00024 00168 00000 00000 00000 00168
00024 00024 00024 00168 00000 00000 00000 00168
00024 00024 00024 00168 00000 00000 00000 00167
00024 00024 00024 00168 00000 00000 00000 00167
00024 00024 00024 00167 00000 00000 00000 00168
00024 00024 00024 00168 00000 00000 00000 00168
00024 00024 00024 00167 00000 00000 00000 00168
00024 00024 00024 00167 00000 00000 00000 00168
00024 00024 00024 00168 00000 00000 00000 00168
00024 00024 00024 00168 00000 00000 00000 00167
00024 00024 00024 00168 00000 00000 00000 00168
00024 00024 00024 00168 00000 00000 00000 00167
00024 00024 00024 00168 00000 00000 00000 00167
00024 00024 00024 00167 00000 00000 00000 00168
00024 00024 00024 00167 00000 00000 00000 00168
00024 00024 00024 00167 00000 00000 00000 00168
00024 00024 00024 00167 00000 00000 00000 00168
00024 00024 00024 00168 00000 00000 00000 00168
00024 00024 00024 00168 00000 00000 00000 00167
00024 00024 00024 00168 00000 00000 00000 00168
00024 00024 00024 00168 00000 00000 00000 00167
00024 00024 00024 00168 00000 00000 00000 00168
00024 00024 00024 00167 00000 00000 00000 00168
00024 00024 00024 00168 00000 00000 00000 00168
00024 00024 00024 00168 00000 00000 00000 00168
00024 00024 00024 00168 00000 00000 00000 00167
00024 00024 00024 00168 00000 00000 00000 00168
00024 00024 00024 00168 00000 00000 00000 00167
00024 00024 00024 00168 00000 00000 00000 00167
