00039 00006 00039 00255 00000 00033 00000 30363
00039 00006 00039 00255 00000 00033 00000 29253
00039 00006 00039 00255 00000 00033 00000 28143
00039 00006 00039 00255 00000 00033 00000 26034
00039 00006 00039 00255 00000 00033 00000 25824
00039 00006 00039 00255 00000 00033 00000 24714
00039 00006 00039 00255 00000 00033 00000 23604
00039 00006 00039 00255 00000 00033 00000 22595
00039 00006 00039 00255 00000 00033 00000 21485
00039 00006 00039 00255 00000 00033 00000 20375
00039 00006 00039 00255 00000 00033 00000 19265
00039 00006 00039 00255 00000 00033 00000 18156
00039 00006 00039 00255 00000 00033 00000 16046
00039 00006 00039 00255 00000 00033 00000 15936
00039 00006 00039 00255 00000 00033 00000 14826
00039 00006 00039 00255 00000 00033 00000 13616
00039 00006 00039 00255 00000 00033 00000 12507
00039 00005 00039 00255 00000 00033 00000 11497
00039 00006 00039 00255 00000 00033 00000 10387
00039 00006 00039 00255 00000 00033 00000 09277
00039 00006 00039 00255 00000 00033 00000 08168
00039 00006 00039 00255 00000 00033 00000 07058
00039 00006 00039 00255 00000 00033 00000 05948
00039 00006 00039 00255 00000 00033 00000 04838
00039 00006 00039 00255 00000 00034 00000 03728
00039 00006 00039 00255 00000 00033 00000 02517
00039 00006 00039 00255 00000 00033 00000 01407
00039 00006 00039 00255 00000 00033 00000 00397
00039 00006 00039 00255 00000 00033 00000 64723
00039 00006 00039 00255 00000 00033 00000 63602
00039 00006 00039 00255 00000 00033 00000 62592
00039 00006 00039 00255 00000 00033 00000 61482
00039 00005 00039 00255 00000 00033 00000 60372
00039 00006 00039 00255 00000 00033 00000 59262
00039 00006 00039 00255 00000 00033 00000 58163
00039 00006 00039 00255 00000 00033 00000 57053
00039 00006 00039 00255 00000 00033 00000 55943
00039 00006 00039 00255 00000 00033 00000 54833
00039 00006 00039 00255 00000 00033 00000 53623
00039 00006 00039 00255 00000 00033 00000 52513
00039 00006 00039 00255 00000 00033 00000 51403
00039 00006 00039 00255 00000 00033 00000 50394
00039 00006 00039 00255 00000 00033 00000 49284
00039 00006 00039 00255 00000 00033 00000 48174
00039 00006 00039 00255 00000 00033 00000 47064
00039 00005 00039 00255 00000 00033 00000 45954
00039 00006 00039 00255 00000 00033 00000 44844
00039 00006 00039 00255 00000 00033 00000 43734
00039 00006 00039 00255 00000 00033 00000 42525
00039 00006 00039 00255 00000 00033 00000 41415
00039 00006 00039 00255 00000 00033 00000 40305
00039 00006 00039 00255 00000 00033 00000 39296
00039 00006 00039 00255 00000 00033 00000 38186
00039 00006 00039 00255 00000 00033 00000 37077
00039 00006 00039 00255 00000 00033 00000 35967
00039 00006 00039 00255 00000 00033 00000 34857
00039 00006 00039 00255 00000 00033 00000 33747
00039 00005 00039 00255 00000 00033 00000 32637
00039 00006 00039 00255 00000 00033 00000 31527
00039 00006 00039 00255 00000 00033 00000 30317
00039 00006 00039 00255 00000 00033 00000 29207
00039 00006 00039 00255 00000 00033 00000 28197
00039 00006 00039 00255 00000 00033 00000 27087
00039 00006 00039 00255 00000 00033 00000 25977
00039 00006 00039 00255 00000 00033 00000 24868
00039 00006 00039 00255 00000 00033 00000 23758
00039 00006 00039 00255 00000 00033 00000 22648
00039 00006 00039 00255 00000 00033 00000 21537
00039 00006 00039 00255 00000 00033 00000 20427
00039 00006 00039 00255 00000 00034 00000 19217
00039 00006 00039 00255 00000 00033 00000 18106
00039 00006 00039 00255 00000 00033 00000 17096
00039 00006 00039 00255 00000 00033 00000 15986
00039 00006 00039 00255 00000 00033 00000 14876
00039 00006 00039 00255 00000 00033 00000 13765
00039 00006 00039 00255 00000 00033 00000 12655
00039 00006 00039 00255 00000 00033 00000 11545
00039 00006 00039 00255 00000 00034 00000 10435
00039 00006 00039 00255 00000 00033 00000 09225
00039 00006 00039 00255 00000 00033 00000 08115
00039 00006 00039 00255 00000 00033 00000 07006
00039 00006 00039 00255 00000 00033 00000 05996
00039 00006 00039 00255 00000 00033 00000 04886
00039 00006 00039 00255 00000 00033 00000 03775
00039 00005 00039 00255 00000 00033 00000 02665
00039 00006 00039 00255 00000 00033 00000 01555
00039 00006 00039 00255 00000 00033 00000 00445
00039 00006 00039 00255 00000 00033 00000 64861
00039 00006 00039 00255 00000 00034 00000 63751
00039 00006 00039 00255 00000 00033 00000 62641
00039 00006 00039 00255 00000 00033 00000 61531
00039 00006 00039 00255 00000 00033 00000 60421
00039 00006 00039 00255 00000 00033 00000 59211
00039 00006 00039 00255 00000 00034 00000 58101
00039 00006 00039 00255 00000 00033 00000 57091
00039 00006 00039 00255 00000 00033 00000 55981
00039 00006 00039 00255 00000 00033 00000 54871
00039 00006 00039 00255 00000 00034 00000 53761
00039 00006 00039 00255 00000 00033 00000 52651
00039 00006 00039 00255 00000 00033 00000 51541
00039 00006 00039 00255 00000 00033 00000 50432
00039 00006 00039 00255 00000 00033 00000 49322
00039 00006 00039 00255 00000 00033 00000 48112
00039 00005 00039 00255 00000 00033 00000 47002
00039 00006 00039 00255 00000 00033 00000 45992
00039 00005 00039 00255 00000 00033 00000 44882
00039 00006 00039 00255 00000 00033 00000 43772
00039 00006 00039 00255 00000 00033 00000 42662
00039 00006 00039 00255 00000 00033 00000 41563
00039 00006 00039 00255 00000 00033 00000 40453
00039 00006 00039 00255 00000 00033 00000 39343
00039 00006 00039 00255 00000 00033 00000 38233
00039 00006 00039 00255 00000 00033 00000 37024
00039 00006 00039 00255 00000 00033 00000 35914
00039 00006 00039 00255 00000 00033 00000 34804
00039 00005 00039 00255 00000 00033 00000 33795
00039 00006 00039 00255 00000 00033 00000 32685
00039 00006 00039 00255 00000 00033 00000 31575
00039 00006 00039 00255 00000 00033 00000 30465
00039 00006 00039 00255 00000 00033 00000 29356
00039 00006 00039 00255 00000 00033 00000 28246
00039 00006 00039 00255 00000 00033 00000 27136
00039 00006 00039 00255 00000 00033 00000 25026
00039 00006 00039 00255 00000 00033 00000 24817
00039 00000 00039 00255 00000 00039 00000 23707
00039 00000 00039 00255 00000 00039 00000 22423
00039 00000 00039 00255 00000 00039 00000 21113
00039 00000 00039 00255 00000 00039 00000 19802
00039 00000 00039 00255 00000 00039 00000 18592
00039 00000 00039 00255 00000 00039 00000 17282
00039 00000 00039 00255 00000 00039 00000 15971
00039 00000 00039 00255 00000 00039 00000 14661
00039 00000 00039 00255 00000 00039 00000 13350
00039 00000 00039 00255 00000 00039 00000 11040
00039 00000 00039 00255 00000 00039 00000 10739
00039 00000 00039 00255 00000 00039 00000 09329
00039 00000 00039 00255 00000 00039 00000 08018
00039 00000 00039 00255 00000 00039 00000 06708
00039 00000 00039 00255 00000 00039 00000 05498
00039 00000 00039 00255 00000 00039 00000 04187
00039 00000 00039 00255 00000 00039 00000 02867
00039 00000 00039 00255 00000 00039 00000 01556
00039 00039 00039 00207 00000 00000 00000 00246
00039 00039 00039 00208 00000 00001 00000 00208
00039 00039 00039 00208 00000 00000 00000 00207
00039 00039 00039 00207 00000 00000 00000 00208
00039 00039 00039 00207 00000 00000 00000 00207
00039 00039 00039 00207 00000 00000 00000 00208
00039 00039 00039 00208 00000 00000 00000 00208
00039 00039 00039 00208 00000 00000 00000 00208
00039 00039 00039 00207 00000 00001 00000 00207
00039 00039 00039 00208 00000 00000 00000 00208
00039 00039 00039 00207 00000 00000 00000 00207
00039 00039 00039 00207 00000 00000 00000 00207
00039 00039 00039 00207 00000 00000 00000 00207
00039 00039 00039 00208 00000 00000 00000 00207
00039 00038 00039 00207 00000 00000 00000 00208
00039 00039 00039 00207 00000 00000 00000 00208
00039 00039 00039 00207 00000 00001 00000 00207
00039 00039 00039 00208 00000 00000 00000 00207
00039 00039 00039 00207 00000 00000 00000 00207
00039 00039 00039 00207 00000 00000 00000 00207
00039 00039 00039 00207 00000 00000 00000 00207
00039 00049 00039 00207 00000 00000 00000 00207
00039 00039 00039 00208 00000 00000 00000 00207
00039 00039 00039 00207 00000 00000 00000 00207
00039 00039 00039 00207 00000 00000 00000 00207
00039 00033 00039 00208 00000 00000 00000 00207
00039 00039 00039 00207 00000 00000 00000 00207
00039 00039 00039 00207 00000 00000 00000 00207
00039 00039 00039 00207 00000 00000 00000 00207
00039 00039 00039 00207 00000 00000 00000 00207
00039 00039 00039 00207 00000 00000 00000 00208
00039 00039 00039 00207 00000 00000 00000 00207
00039 00049 00039 00207 00000 00000 00000 00207
00039 00039 00039 00208 00000 00000 00000 00207
00039 00039 00039 00207 00000 00001 00000 00207
00039 00039 00039 00207 00000 00000 00000 00207
00039 00030 00039 00207 00000 00000 00000 00207
00039 00039 00039 00207 00000 00000 00000 00207
00039 00039 00039 00207 00000 00000 00000 00208
00039 00039 00039 00207 00000 00000 00000 00208
00039 00038 00039 00207 00000 00000 00000 00207
00039 00039 00039 00207 00000 00000 00000 00207
00039 00039 00039 00208 00000 00001 00000 00207
00039 00039 00039 00207 00000 00000 00000 00207
00039 00039 00039 00207 00000 00000 00000 00207
00039 00039 00039 00207 00000 00000 00000 00207
00039 00039 00039 00208 00000 00000 00000 00208
00039 00039 00039 00207 00000 00000 00000 00208
00039 00039 00039 00207 00000 00000 00000 00207
00039 00039 00039 00207 00000 00001 00000 00207
00039 00039 00039 00208 00000 00000 00000 00208
00039 00038 00039 00207 00000 00000 00000 00208
00039 00039 00039 00207 00000 00000 00000 00207
00039 00039 00039 00208 00000 00000 00000 00207
00039 00039 00039 00207 00000 00000 00000 00208
00039 00039 00039 00207 00000 00000 00000 00208
00039 00039 00039 00207 00000 00000 00000 00207
00039 00039 00039 00207 00000 00000 00000 00207
00039 00039 00039 00208 00000 00000 00000 00207
00039 00039 00039 00207 00000 00000 00000 00207
00039 00039 00039 00207 00000 00001 00000 00207
00039 00039 00039 00208 00000 00000 00000 00207
00039 00038 00039 00207 00000 00000 00000 00208
00039 00039 00039 00207 00000 00000 00000 00207
00039 00039 00039 00207 00000 00000 00000 00208
00039 00039 00039 00207 00000 00000 00000 00207
00039 00039 00039 00208 00000 00000 00000 00207
00039 00039 00039 00207 00000 00000 00000 00208
00039 00039 00039 00207 00000 00000 00000 00207
00039 00049 00039 00207 00000 00000 00000 00207
00039 00039 00039 00208 00000 00000 00000 00208
00039 00039 00039 00208 00000 00000 00000 00208
00039 00039 00039 00208 00000 00000 00000 00207
00039 00038 00039 00208 00000 00000 00000 00207
00039 00039 00039 00207 00000 00000 00000 00207
00039 00039 00039 00207 00000 00000 00000 00207
00039 00039 00039 00207 00000 00000 00000 00207
00039 00039 00039 00207 00000 00000 00000 00207
00039 00039 00039 00207 00000 00000 00000 00207
00039 00039 00039 00208 00000 00000 00000 00208
00039 00049 00039 00207 00000 00000 00000 00207
00039 00039 00039 00207 00000 00000 00000 00208
