00029 00005 00029 00255 00000 00023 00000 43990
00029 00006 00029 00255 00000 00023 00000 43227
00029 00006 00029 00255 00000 00023 00000 42443
00029 00006 00029 00255 00000 00023 00000 41670
00029 00006 00029 00255 00000 00023 00000 40807
00029 00006 00029 00255 00000 00023 00000 40124
00029 00006 00029 00255 00000 00023 00000 39351
00029 00006 00029 00255 00000 00023 00000 38588
00029 00006 00029 00255 00000 00023 00000 37704
00029 00006 00029 00255 00000 00023 00000 37031
00029 00006 00029 00255 00000 00023 00000 36268
00029 00006 00029 00255 00000 00023 00000 35485
00029 00006 00029 00255 00000 00023 00000 34612
00029 00006 00029 00255 00000 00023 00000 33948
00029 00006 00029 00255 00000 00023 00000 33165
00029 00006 00029 00255 00000 00023 00000 32392
00029 00006 00029 00255 00000 00023 00000 31629
00029 00006 00029 00255 00000 00023 00000 30856
00029 00006 00029 00255 00000 00023 00000 30072
00029 00006 00029 00255 00000 00023 00000 29209
00029 00006 00029 00255 00000 00023 00000 28536
00029 00006 00029 00255 00000 00023 00000 27753
00029 00006 00029 00255 00000 00023 00000 26980
00029 00006 00029 00255 00000 00023 00000 26116
00029 00006 00029 00255 00000 00023 00000 25433
00029 00006 00029 00255 00000 00023 00000 24660
00029 00006 00029 00255 00000 00023 00000 23897
00029 00006 00029 00255 00000 00023 00000 23114
00029 00006 00029 00255 00000 00023 00000 22341
00029 00006 00029 00255 00000 00023 00000 21578
00029 00006 00029 00255 00000 00023 00000 20794
00029 00006 00029 00255 00000 00023 00000 19021
00029 00006 00029 00255 00000 00023 00000 19258
00029 00006 00029 00255 00000 00023 00000 18475
00029 00006 00029 00255 00000 00023 00000 17602
00029 00006 00029 00255 00000 00023 00000 16939
00029 00006 00029 00255 00000 00023 00000 16156
00029 00006 00029 00255 00000 00023 00000 15382
00029 00006 00029 00255 00000 00023 00000 14519
00029 00006 00029 00255 00000 00023 00000 13846
00029 00006 00029 00255 00000 00023 00000 13063
00029 00006 00029 00255 00000 00023 00000 12290
00029 00006 00029 00255 00000 00023 00000 11527
00029 00006 00029 00255 00000 00023 00000 10744
00029 00006 00029 00255 00000 00023 00000 09971
00029 00006 00029 00255 00000 00023 00000 09108
00029 00006 00029 00255 00000 00023 00000 08425
00029 00006 00029 00255 00000 00023 00000 07652
00029 00006 00029 00255 00000 00023 00000 06889
00029 00006 00029 00255 00000 00023 00000 06016
00029 00006 00029 00255 00000 00023 00000 05333
00029 00006 00029 00255 00000 00023 00000 04560
00029 00006 00029 00255 00000 00023 00000 03797
00029 00006 00029 00255 00000 00023 00000 02014
00029 00006 00029 00255 00000 00023 00000 02241
00029 00006 00029 00255 00000 00023 00000 01478
00029 00006 00029 00255 00000 00023 00000 00695
00029 00006 00029 00255 00000 00023 00000 65468
00029 00006 00029 00255 00000 00023 00000 64685
00029 00006 00029 00255 00000 00023 00000 63912
00029 00006 00029 00255 00000 00023 00000 63149
00029 00006 00029 00255 00000 00023 00000 62376
00029 00006 00029 00255 00000 00023 00000 61593
00029 00006 00029 00255 00000 00023 00000 60820
00029 00006 00029 00255 00000 00023 00000 60057
00029 00006 00029 00255 00000 00023 00000 59274
00029 00006 00029 00255 00000 00023 00000 58401
00029 00006 00029 00255 00000 00023 00000 57738
00029 00006 00029 00255 00000 00023 00000 56955
00029 00006 00029 00255 00000 00023 00000 56182
00029 00006 00029 00255 00000 00023 00000 55318
00029 00006 00029 00255 00000 00023 00000 54635
00029 00006 00029 00255 00000 00023 00000 53862
00029 00006 00029 00255 00000 00023 00000 53099
00029 00006 00029 00255 00000 00023 00000 52326
00029 00006 00029 00255 00000 00023 00000 51543
00029 00006 00029 00255 00000 00023 00000 50770
00029 00006 00029 00255 00000 00023 00000 49907
00029 00006 00029 00255 00000 00023 00000 49224
00029 00006 00029 00255 00000 00023 00000 48451
00029 00006 00029 00255 00000 00023 00000 47687
00029 00006 00029 00255 00000 00023 00000 46804
00029 00006 00029 00255 00000 00023 00000 46131
00029 00005 00029 00255 00000 00023 00000 45368
00029 00006 00029 00255 00000 00023 00000 44585
00029 00006 00029 00255 00000 00023 00000 43812
00029 00006 00029 00255 00000 00023 00000 43049
00029 00006 00029 00255 00000 00023 00000 42276
00029 00006 00029 00255 00000 00023 00000 41493
00029 00006 00029 00255 00000 00023 00000 40720
00029 00006 00029 00255 00000 00023 00000 39957
00029 00006 00029 00255 00000 00023 00000 39174
00029 00006 00029 00255 00000 00023 00000 38301
00029 00006 00029 00255 00000 00023 00000 37638
00029 00006 00029 00255 00000 00023 00000 36855
00029 00006 00029 00255 00000 00023 00000 36082
00029 00006 00029 00255 00000 00023 00000 35219
00029 00006 00029 00255 00000 00023 00000 34536
00029 00006 00029 00255 00000 00023 00000 33762
00029 00006 00029 00255 00000 00023 00000 32999
00029 00006 00029 00255 00000 00023 00000 32226
00029 00006 00029 00255 00000 00023 00000 31443
00029 00006 00029 00255 00000 00023 00000 30670
00029 00006 00029 00255 00000 00023 00000 29807
00029 00006 00029 00255 00000 00023 00000 29124
00029 00006 00029 00255 00000 00023 00000 28351
00029 00006 00029 00255 00000 00023 00000 27588
00029 00006 00029 00255 00000 00023 00000 26705
00029 00006 00029 00255 00000 00023 00000 26032
00029 00006 00029 00255 00000 00023 00000 25269
00029 00006 00029 00255 00000 00023 00000 24496
00029 00006 00029 00255 00000 00023 00000 23713
00029 00006 00029 00255 00000 00023 00000 22940
00029 00006 00029 00255 00000 00023 00000 22177
00029 00006 00029 00255 00000 00023 00000 21394
00029 00006 00029 00255 00000 00023 00000 20621
00029 00006 00029 00255 00000 00023 00000 19858
00029 00006 00029 00255 00000 00023 00000 19075
00029 00006 00029 00255 00000 00023 00000 18202
00029 00006 00029 00255 00000 00023 00000 17539
00029 00006 00029 00255 00000 00023 00000 16766
00029 00006 00029 00255 00000 00023 00000 15983
00029 00006 00029 00255 00000 00023 00000 15119
00029 00006 00029 00255 00000 00023 00000 14446
00029 00006 00029 00255 00000 00023 00000 13663
00029 00006 00029 00255 00000 00023 00000 12890
00029 00006 00029 00255 00000 00023 00000 12127
00029 00000 00029 00255 00000 00023 00000 11344
00029 00000 00029 00255 00000 00029 00000 10418
00029 00000 00029 00255 00000 00029 00000 09543
00029 00000 00029 00255 00000 00029 00000 08569
00029 00000 00029 00255 00000 00029 00000 07595
00029 00000 00029 00255 00000 00029 00000 06620
00029 00000 00029 00255 00000 00029 00000 05646
00029 00000 00029 00255 00000 00029 00000 04671
00029 00000 00029 00255 00000 00029 00000 03697
00029 00000 00029 00255 00000 00029 00000 02722
00029 00000 00029 00255 00000 00029 00000 01748
00029 00029 00029 00255 00000 00029 00000 00774
00029 00029 00029 00180 00000 00000 00000 00180
00029 00029 00029 00180 00000 00000 00000 00180
00029 00029 00029 00180 00000 00000 00000 00180
00029 00029 00029 00180 00000 00000 00000 00180
00029 00029 00029 00180 00000 00000 00000 00180
00029 00029 00029 00180 00000 00000 00000 00180
00029 00029 00029 00180 00000 00000 00000 00180
00029 00029 00029 00180 00000 00000 00000 00180
00029 00029 00029 00180 00000 00000 00000 00180
00029 00029 00029 00180 00000 00000 00000 00180
00029 00029 00029 00179 00000 00000 00000 00180
00029 00029 00029 00180 00000 00000 00000 00180
00029 00029 00029 00180 00000 00000 00000 00180
00029 00029 00029 00180 00000 00000 00000 00180
00029 00029 00029 00180 00000 00000 00000 00180
00029 00029 00029 00180 00000 00000 00000 00180
00029 00029 00029 00180 00000 00000 00000 00179
00029 00029 00029 00180 00000 00000 00000 00180
00029 00029 00029 00180 00000 00000 00000 00180
00029 00029 00029 00180 00000 00000 00000 00180
00029 00029 00029 00180 00000 00000 00000 00180
00029 00029 00029 00180 00000 00000 00000 00180
00029 00029 00029 00180 00000 00000 00000 00180
00029 00029 00029 00180 00000 00000 00000 00180
00029 00029 00029 00180 00000 00000 00000 00180
00029 00029 00029 00180 00000 00000 00000 00180
00029 00029 00029 00180 00000 00000 00000 00180
00029 00029 00029 00180 00000 00000 00000 00180
00029 00029 00029 00180 00000 00000 00000 00180
00029 00029 00029 00180 00000 00000 00000 00180
00029 00029 00029 00180 00000 00000 00000 00180
00029 00029 00029 00180 00000 00000 00000 00180
00029 00029 00029 00180 00000 00000 00000 00179
00029 00029 00029 00180 00000 00000 00000 00180
00029 00029 00029 00180 00000 00000 00000 00180
00029 00029 00029 00180 00000 00000 00000 00180
00029 00029 00029 00180 00000 00000 00000 00180
00029 00029 00029 00180 00000 00000 00000 00181
00029 00029 00029 00180 00000 00000 00000 00180
00029 00029 00029 00180 00000 00000 00000 00180
00029 00029 00029 00180 00000 00000 00000 00180
00029 00029 00029 00180 00000 00000 00000 00180
00029 00029 00029 00180 00000 00000 00000 00180
00029 00029 00029 00180 00000 00000 00000 00180
