00034 00006 00034 00255 00000 00028 00000 06912
00034 00006 00034 00255 00000 00028 00000 06071
00034 00006 00034 00255 00000 00028 00000 05130
00034 00006 00034 00255 00000 00028 00000 04189
00034 00006 00034 00255 00000 00028 00000 03248
00034 00006 00034 00255 00000 00028 00000 02207
00034 00006 00034 00255 00000 00028 00000 01366
00034 00006 00034 00255 00000 00028 00000 00425
00034 00006 00034 00255 00000 00028 00000 64020
00034 00006 00034 00255 00000 00028 00000 64089
00034 00006 00034 00255 00000 00028 00000 63138
00034 00006 00034 00255 00000 00028 00000 62197
00034 00006 00034 00255 00000 00028 00000 61256
00034 00006 00034 00255 00000 00028 00000 60215
00034 00006 00034 00255 00000 00028 00000 59374
00034 00006 00034 00255 00000 00028 00000 58433
00034 00006 00034 00255 00000 00028 00000 57492
00034 00006 00034 00255 00000 00028 00000 56552
00034 00006 00034 00255 00000 00028 00000 55511
00034 00006 00034 00255 00000 00028 00000 54670
00034 00006 00034 00255 00000 00028 00000 53729
00034 00006 00034 00255 00000 00028 00000 52788
00034 00006 00034 00255 00000 00028 00000 51847
00034 00006 00034 00255 00000 00028 00000 50806
00034 00006 00034 00255 00000 00028 00000 49965
00034 00006 00034 00255 00000 00028 00000 48024
00034 00006 00034 00255 00000 00028 00000 48083
00034 00006 00034 00255 00000 00028 00000 47142
00034 00006 00034 00255 00000 00028 00000 46101
00034 00006 00034 00255 00000 00028 00000 45260
00034 00006 00034 00255 00000 00028 00000 44319
00034 00006 00034 00255 00000 00028 00000 43378
00034 00006 00034 00255 00000 00028 00000 42437
00034 00006 00034 00255 00000 00028 00000 41496
00034 00006 00034 00255 00000 00028 00000 40555
00034 00006 00034 00255 00000 00028 00000 39514
00034 00006 00034 00255 00000 00028 00000 38673
00034 00006 00034 00255 00000 00028 00000 37732
00034 00006 00034 00255 00000 00028 00000 36791
00034 00006 00034 00255 00000 00028 00000 35850
00034 00006 00034 00255 00000 00028 00000 34819
00034 00006 00034 00255 00000 00028 00000 33969
00034 00006 00034 00255 00000 00028 00000 32028
00034 00006 00034 00255 00000 00028 00000 32087
00034 00006 00034 00255 00000 00028 00000 31146
00034 00006 00034 00255 00000 00028 00000 30105
00034 00006 00034 00255 00000 00028 00000 29264
00034 00006 00034 00255 00000 00028 00000 28323
00034 00005 00034 00255 00000 00028 00000 27382
00034 00006 00034 00255 00000 00028 00000 26441
00034 00006 00034 00255 00000 00028 00000 25400
00034 00006 00034 00255 00000 00028 00000 24559
00034 00006 00034 00255 00000 00028 00000 23518
00034 00006 00034 00255 00000 00028 00000 22677
00034 00006 00034 00255 00000 00028 00000 21736
00034 00006 00034 00255 00000 00028 00000 20795
00034 00006 00034 00255 00000 00028 00000 19854
00034 00006 00034 00255 00000 00028 00000 18813
00034 00006 00034 00255 00000 00028 00000 17972
00034 00006 00034 00255 00000 00028 00000 16031
00034 00006 00034 00255 00000 00028 00000 16090
00034 00006 00034 00255 00000 00028 00000 15159
00034 00006 00034 00255 00000 00028 00000 14108
00034 00006 00034 00255 00000 00028 00000 13267
00034 00006 00034 00255 00000 00028 00000 12326
00034 00006 00034 00255 00000 00028 00000 11386
00034 00006 00034 00255 00000 00028 00000 10445
00034 00006 00034 00255 00000 00028 00000 09404
00034 00006 00034 00255 00000 00028 00000 08563
00034 00006 00034 00255 00000 00028 00000 07622
00034 00006 00034 00255 00000 00028 00000 06681
00034 00006 00034 00255 00000 00028 00000 05740
00034 00006 00034 00255 00000 00028 00000 04799
00034 00006 00034 00255 00000 00028 00000 03858
00034 00006 00034 00255 00000 00028 00000 02817
00034 00006 00034 00255 00000 00028 00000 01976
00034 00006 00034 00255 00000 00028 00000 00035
00034 00006 00034 00255 00000 00028 00000 00094
00034 00006 00034 00255 00000 00028 00000 64689
00034 00006 00034 00255 00000 00028 00000 63748
00034 00006 00034 00255 00000 00028 00000 62707
00034 00006 00034 00255 00000 00028 00000 61866
00034 00006 00034 00255 00000 00028 00000 60925
00034 00006 00034 00255 00000 00028 00000 59984
00034 00006 00034 00255 00000 00028 00000 59043
00034 00006 00034 00255 00000 00028 00000 58002
00034 00006 00034 00255 00000 00028 00000 57161
00034 00006 00034 00255 00000 00028 00000 56220
00034 00006 00034 00255 00000 00028 00000 55289
00034 00006 00034 00255 00000 00028 00000 54338
00034 00006 00034 00255 00000 00028 00000 53397
00034 00006 00034 00255 00000 00028 00000 52456
00034 00006 00034 00255 00000 00028 00000 51416
00034 00006 00034 00255 00000 00028 00000 50575
00034 00006 00034 00255 00000 00028 00000 49634
00034 00006 00034 00255 00000 00028 00000 48693
00034 00006 00034 00255 00000 00028 00000 47752
00034 00006 00034 00255 00000 00028 00000 46711
00034 00006 00034 00255 00000 00028 00000 45870
00034 00006 00034 00255 00000 00028 00000 44939
00034 00006 00034 00255 00000 00028 00000 43988
00034 00006 00034 00255 00000 00028 00000 43047
00034 00006 00034 00255 00000 00028 00000 42006
00034 00006 00034 00255 00000 00028 00000 41165
00034 00006 00034 00255 00000 00028 00000 40224
00034 00006 00034 00255 00000 00028 00000 39283
00034 00006 00034 00255 00000 00028 00000 38342
00034 00006 00034 00255 00000 00028 00000 37301
00034 00006 00034 00255 00000 00028 00000 36460
00034 00006 00034 00255 00000 00028 00000 35529
00034 00006 00034 00255 00000 00028 00000 34578
00034 00006 00034 00255 00000 00028 00000 33637
00034 00006 00034 00255 00000 00028 00000 32697
00034 00006 00034 00255 00000 00028 00000 31756
00034 00006 00034 00255 00000 00028 00000 30715
00034 00006 00034 00255 00000 00028 00000 29874
00034 00006 00034 00255 00000 00028 00000 28933
00034 00006 00034 00255 00000 00028 00000 27992
00034 00006 00034 00255 00000 00028 00000 27051
00034 00006 00034 00255 00000 00028 00000 26010
00034 00006 00034 00255 00000 00028 00000 25169
00034 00006 00034 00255 00000 00028 00000 24228
00034 00006 00034 00255 00000 00028 00000 23287
00034 00006 00034 00255 00000 00028 00000 22346
00034 00006 00034 00255 00000 00028 00000 21305
00034 00006 00034 00255 00000 00028 00000 20464
00034 00006 00034 00255 00000 00028 00000 19523
00034 00006 00034 00255 00000 00028 00000 18582
00034 00006 00034 00255 00000 00028 00000 17641
00034 00006 00034 00255 00000 00028 00000 16600
00034 00006 00034 00255 00000 00028 00000 15769
00034 00006 00034 00255 00000 00028 00000 14718
00034 00006 00034 00255 00000 00028 00000 13877
00034 00006 00034 00255 00000 00028 00000 12936
00034 00000 00034 00255 00000 00028 00000 11995
00034 00000 00034 00255 00000 00034 00000 10816
00034 00000 00034 00255 00000 00034 00000 09774
00034 00000 00034 00255 00000 00034 00000 08621
00034 00000 00034 00255 00000 00034 00000 07489
00034 00000 00034 00255 00000 00034 00000 06347
00034 00000 00034 00255 00000 00034 00000 05104
00034 00000 00034 00255 00000 00034 00000 04052
00034 00000 00034 00255 00000 00034 00000 02819
00034 00000 00034 00255 00000 00034 00000 01777
00034 00034 00034 00193 00000 00034 00000 00634
00034 00034 00034 00193 00000 00000 00000 00193
00034 00034 00034 00193 00000 00000 00000 00193
00034 00034 00034 00194 00000 00000 00000 00193
00034 00034 00034 00194 00000 00000 00000 00193
00034 00034 00034 00193 00000 00000 00000 00193
00034 00034 00034 00193 00000 00000 00000 00193
00034 00034 00034 00193 00000 00000 00000 00193
00034 00034 00034 00193 00000 00000 00000 00194
00034 00034 00034 00193 00000 00000 00000 00193
00034 00034 00034 00193 00000 00000 00000 00193
00034 00034 00034 00194 00000 00000 00000 00193
00034 00034 00034 00194 00000 00000 00000 00193
00034 00033 00034 00193 00000 00000 00000 00193
00034 00034 00034 00193 00000 00000 00000 00193
00034 00034 00034 00193 00000 00000 00000 00193
00034 00034 00034 00193 00000 00000 00000 00194
00034 00034 00034 00194 00000 00000 00000 00194
00034 00034 00034 00193 00000 00000 00000 00193
00034 00034 00034 00194 00000 00001 00000 00193
00034 00034 00034 00194 00000 00000 00000 00193
00034 00034 00034 00193 00000 00000 00000 00193
00034 00034 00034 00193 00000 00000 00000 00193
00034 00034 00034 00193 00000 00000 00000 00193
00034 00034 00034 00193 00000 00000 00000 00194
00034 00034 00034 00193 00000 00000 00000 00193
00034 00034 00034 00193 00000 00000 00000 00193
00034 00034 00034 00194 00000 00000 00000 00193
00034 00033 00034 00194 00000 00000 00000 00193
00034 00034 00034 00193 00000 00000 00000 00193
00034 00034 00034 00193 00000 00000 00000 00193
00034 00034 00034 00193 00000 00000 00000 00193
00034 00034 00034 00193 00000 00000 00000 00193
00034 00034 00034 00193 00000 00000 00000 00194
00034 00034 00034 00193 00000 00000 00000 00194
00034 00034 00034 00193 00000 00000 00000 00193
00034 00034 00034 00194 00000 00000 00000 00193
00034 00034 00034 00193 00000 00001 00000 00193
00034 00034 00034 00193 00000 00000 00000 00193
00034 00034 00034 00193 00000 00000 00000 00193
00034 00034 00034 00193 00000 00000 00000 00193
