00019 00006 00019 00255 00000 00013 00000 63593
00019 00006 00019 00255 00000 00013 00000 63156
00019 00006 00019 00255 00000 00013 00000 62729
00019 00006 00019 00255 00000 00013 00000 62282
00019 00006 00019 00255 00000 00013 00000 61845
00019 00006 00019 00255 00000 00013 00000 61408
00019 00006 00019 00255 00000 00013 00000 60971
00019 00006 00019 00255 00000 00013 00000 60534
00019 00006 00019 00255 00000 00013 00000 60097
00019 00006 00019 00255 00000 00013 00000 59660
00019 00006 00019 00255 00000 00013 00000 59223
00019 00006 00019 00255 00000 00013 00000 58786
00019 00006 00019 00255 00000 00013 00000 58359
00019 00006 00019 00255 00000 00013 00000 57912
00019 00006 00019 00255 00000 00013 00000 57475
00019 00006 00019 00255 00000 00013 00000 57038
00019 00006 00019 00255 00000 00013 00000 56501
00019 00006 00019 00255 00000 00013 00000 56164
00019 00006 00019 00255 00000 00013 00000 55727
00019 00006 00019 00255 00000 00013 00000 55290
00019 00006 00019 00255 00000 00013 00000 54853
00019 00006 00019 00255 00000 00013 00000 54416
00019 00006 00019 00255 00000 00013 00000 53989
00019 00006 00019 00255 00000 00013 00000 53542
00019 00006 00019 00255 00000 00013 00000 53005
00019 00006 00019 00255 00000 00013 00000 52668
00019 00006 00019 00255 00000 00013 00000 52231
00019 00006 00019 00255 00000 00013 00000 51793
00019 00006 00019 00255 00000 00013 00000 51356
00019 00006 00019 00255 00000 00013 00000 50929
00019 00006 00019 00255 00000 00013 00000 50482
00019 00006 00019 00255 00000 00013 00000 50045
00019 00006 00019 00255 00000 00013 00000 49508
00019 00006 00019 00255 00000 00013 00000 49171
00019 00006 00019 00255 00000 00013 00000 48734
00019 00006 00019 00255 00000 00013 00000 48296
00019 00006 00019 00255 00000 00013 00000 47869
00019 00006 00019 00255 00000 00013 00000 47422
00019 00006 00019 00255 00000 00013 00000 46985
00019 00006 00019 00255 00000 00013 00000 46548
00019 00006 00019 00255 00000 00013 00000 46111
00019 00006 00019 00255 00000 00013 00000 45674
00019 00006 00019 00255 00000 00013 00000 45237
00019 00006 00019 00255 00000 00013 00000 44700
00019 00006 00019 00255 00000 00013 00000 44363
00019 00006 00019 00255 00000 00013 00000 43925
00019 00006 00019 00255 00000 00013 00000 43488
00019 00006 00019 00255 00000 00013 00000 43051
00019 00006 00019 00255 00000 00013 00000 42614
00019 00006 00019 00255 00000 00013 00000 42177
00019 00006 00019 00255 00000 00013 00000 41740
00019 00006 00019 00255 00000 00013 00000 41203
00019 00006 00019 00255 00000 00013 00000 40866
00019 00006 00019 00255 00000 00013 00000 40439
00019 00006 00019 00255 00000 00013 00000 39992
00019 00006 00019 00255 00000 00013 00000 39555
00019 00006 00019 00255 00000 00013 00000 39118
00019 00006 00019 00255 00000 00013 00000 38681
00019 00006 00019 00255 00000 00013 00000 38244
00019 00006 00019 00255 00000 00013 00000 37707
00019 00006 00019 00255 00000 00013 00000 37379
00019 00006 00019 00255 00000 00013 00000 36932
00019 00006 00019 00255 00000 00013 00000 36495
00019 00006 00019 00255 00000 00013 00000 36058
00019 00006 00019 00255 00000 00013 00000 35621
00019 00006 00019 00255 00000 00013 00000 35183
00019 00006 00019 00255 00000 00013 00000 34746
00019 00006 00019 00255 00000 00013 00000 34319
00019 00006 00019 00255 00000 00013 00000 33872
00019 00006 00019 00255 00000 00013 00000 33435
00019 00006 00019 00255 00000 00013 00000 32998
00019 00006 00019 00255 00000 00013 00000 32560
00019 00006 00019 00255 00000 00013 00000 32123
00019 00006 00019 00255 00000 00013 00000 31686
00019 00006 00019 00255 00000 00013 00000 31259
00019 00006 00019 00255 00000 00013 00000 30812
00019 00006 00019 00255 00000 00013 00000 30375
00019 00006 00019 00255 00000 00013 00000 29938
00019 00006 00019 00255 00000 00013 00000 29400
00019 00006 00019 00255 00000 00013 00000 29063
00019 00006 00019 00255 00000 00013 00000 28626
00019 00006 00019 00255 00000 00013 00000 28199
00019 00006 00019 00255 00000 00013 00000 27752
00019 00006 00019 00255 00000 00013 00000 27315
00019 00006 00019 00255 00000 00013 00000 26878
00019 00006 00019 00255 00000 00013 00000 26441
00019 00006 00019 00255 00000 00013 00000 25904
00019 00006 00019 00255 00000 00013 00000 25567
00019 00005 00019 00255 00000 00013 00000 25139
00019 00006 00019 00255 00000 00013 00000 24692
00019 00006 00019 00255 00000 00013 00000 24255
00019 00006 00019 00255 00000 00013 00000 23818
00019 00006 00019 00255 00000 00013 00000 23381
00019 00006 00019 00255 00000 00013 00000 22944
00019 00006 00019 00255 00000 00013 00000 22406
00019 00006 00019 00255 00000 00013 00000 22079
00019 00006 00019 00255 00000 00013 00000 21632
00019 00006 00019 00255 00000 00013 00000 21195
00019 00006 00019 00255 00000 00013 00000 20758
00019 00006 00019 00255 00000 00013 00000 20321
00019 00006 00019 00255 00000 00013 00000 19884
00019 00006 00019 00255 00000 00013 00000 19447
00019 00006 00019 00255 00000 00013 00000 18010
00019 00006 00019 00255 00000 00013 00000 18572
00019 00006 00019 00255 00000 00013 00000 18135
00019 00006 00019 00255 00000 00013 00000 17698
00019 00006 00019 00255 00000 00013 00000 17261
00019 00006 00019 00255 00000 00013 00000 16824
00019 00006 00019 00255 00000 00013 00000 16387
00019 00006 00019 00255 00000 00013 00000 15959
00019 00006 00019 00255 00000 00013 00000 15512
00019 00006 00019 00255 00000 00013 00000 15075
00019 00006 00019 00255 00000 00013 00000 14638
00019 00006 00019 00255 00000 00013 00000 14101
00019 00006 00019 00255 00000 00013 00000 13764
00019 00006 00019 00255 00000 00013 00000 13327
00019 00006 00019 00255 00000 00013 00000 12890
00019 00006 00019 00255 00000 00013 00000 12453
00019 00006 00019 00255 00000 00013 00000 11016
00019 00006 00019 00255 00000 00013 00000 11579
00019 00006 00019 00255 00000 00013 00000 11142
00019 00006 00019 00255 00000 00013 00000 10605
00019 00006 00019 00255 00000 00013 00000 10268
00019 00006 00019 00255 00000 00013 00000 09831
00019 00006 00019 00255 00000 00013 00000 09394
00019 00006 00019 00255 00000 00013 00000 08957
00019 00006 00019 00255 00000 00013 00000 08520
00019 00006 00019 00255 00000 00013 00000 08083
00019 00006 00019 00255 00000 00013 00000 07645
00019 00000 00019 00255 00000 00013 00000 07208
00019 00000 00019 00255 00000 00019 00000 06651
00019 00000 00019 00255 00000 00019 00000 05023
00019 00000 00019 00255 00000 00019 00000 05384
00019 00000 00019 00255 00000 00019 00000 04746
00019 00000 00019 00255 00000 00019 00000 04008
00019 00000 00019 00255 00000 00019 00000 03469
00019 00000 00019 00255 00000 00019 00000 02821
00019 00000 00019 00255 00000 00019 00000 02182
00019 00000 00019 00255 00000 00019 00000 01554
00019 00000 00019 00255 00000 00019 00000 00816
00019 00019 00019 00155 00000 00000 00000 00277
00019 00019 00019 00155 00000 00000 00000 00156
00019 00019 00019 00156 00000 00000 00000 00156
00019 00019 00019 00156 00000 00000 00000 00155
00019 00019 00019 00156 00000 00000 00000 00155
00019 00019 00019 00156 00000 00000 00000 00155
00019 00019 00019 00155 00000 00000 00000 00156
00019 00019 00019 00155 00000 00000 00000 00156
00019 00019 00019 00155 00000 00000 00000 00156
00019 00019 00019 00155 00000 00000 00000 00156
00019 00019 00019 00156 00000 00000 00000 00156
00019 00019 00019 00156 00000 00000 00000 00155
00019 00019 00019 00156 00000 00000 00000 00155
00019 00019 00019 00156 00000 00000 00000 00155
00019 00019 00019 00156 00000 00000 00000 00156
00019 00019 00019 00155 00000 00000 00000 00156
00019 00019 00019 00155 00000 00000 00000 00156
00019 00019 00019 00155 00000 00000 00000 00156
00019 00019 00019 00156 00000 00000 00000 00155
00019 00019 00019 00156 00000 00000 00000 00156
00019 00019 00019 00156 00000 00000 00000 00155
00019 00019 00019 00156 00000 00000 00000 00156
00019 00019 00019 00156 00000 00000 00000 00155
00019 00019 00019 00155 00000 00000 00000 00156
00019 00019 00019 00155 00000 00001 00000 00156
00019 00019 00019 00155 00000 00000 00000 00156
00019 00019 00019 00156 00000 00000 00000 00156
00019 00019 00019 00156 00000 00000 00000 00155
00019 00019 00019 00156 00000 00000 00000 00155
00019 00019 00019 00156 00000 00000 00000 00155
00019 00019 00019 00156 00000 00000 00000 00155
00019 00019 00019 00155 00000 00000 00000 00156
00019 00019 00019 00155 00000 00000 00000 00156
00019 00019 00019 00155 00000 00000 00000 00156
00019 00019 00019 00156 00000 00000 00000 00156
00019 00019 00019 00156 00000 00000 00000 00156
00019 00019 00019 00156 00000 00000 00000 00155
00019 00019 00019 00156 00000 00000 00000 00156
00019 00019 00019 00156 00000 00000 00000 00155
00019 00019 00019 00155 00000 00000 00000 00156
00019 00019 00019 00155 00000 00000 00000 00156
00019 00019 00019 00155 00000 00000 00000 00156
