1.46
1.50
1.85
1.89
1.93
1.92
1.94
1.96
2.00
2.03
2.04
2.04
2.04
2.04
2.03
2.04
2.04
2.04
2.04
2.06
2.04
2.03
2.04
2.06
2.04
2.03
2.04
2.04
2.06
2.04
2.03
2.04
2.02
2.03
2.04
2.02
2.04
2.15
2.05
2.03
2.05
2.04
2.05
2.04
2.07
2.04
2.11
2.14
2.14
2.14
2.14
2.14
2.13
2.13
2.12
2.13
2.20
2.17
2.16
2.15
2.14
2.15
2.15
2.14
2.14
2.13
2.13
2.20
2.17
2.16
2.14
2.14
2.14
2.14
2.14
2.14
2.14
2.11
2.12
2.12
2.20
2.18
2.16
2.14
2.14
2.14
2.14
2.14
2.14
2.13
2.13
2.13
2.12
2.21
2.18
2.17
2.15
1.87
1.69
1.61
1.57
1.56
1.57
1.53
1.52
1.57
1.57
1.56
1.56
1.56
1.57
1.57
1.56
1.56
1.56
1.59
1.57
1.55
1.56
1.56
1.57
1.55
1.56
1.56
1.57
1.57
1.56
1.55
1.56
1.56
1.57
1.55
1.55
1.56
1.57
1.56
1.55
1.55
1.55
1.56
1.58
1.55
1.54
1.55
1.55
1.62
1.66
1.67
1.67
1.68
1.68
1.69
1.68
1.68
1.68
1.68
1.66
1.68
1.68
1.68
1.67
1.69
1.68
1.68
1.68
1.68
1.68
1.68
1.68
1.68
1.68
1.68
1.68
1.68
1.68
1.68
1.68
1.66
1.66
1.66
1.65
1.64
1.64
1.67
1.63
1.63
1.65
1.69
1.64
1.65
1.64
1.64
1.64
1.70
1.76
1.76
1.77
1.77
1.80
1.77
1.76
1.76
1.75
1.77
1.78
1.80
1.78
1.78
1.79
1.80
1.79
1.78
1.78
1.78
1.78
1.78
1.78
1.81
1.78
1.78
1.78
1.77
1.78
1.79
1.78
1.79
1.78
1.79
1.78
1.81
1.78
1.78
1.77
1.77
1.78
1.77
1.78
1.77
1.79
1.78
1.79
1.78
1.50
1.28
1.10
0.97
0.85
0.75
0.67
0.60
0.53
0.47
0.43
0.39
0.35
0.32
0.28
0.26
0.23
0.22
0.20
0.18
0.16
0.15
0.14
0.12
0.11
0.10
0.09
0.08
0.08
0.07
0.06
0.06
0.05
0.05
0.04
0.03
0.03
0.03
0.03
0.02
0.02
0.02
0.01
0.01
0.01
0.01
0.01
0.00
0.00
0.00
0.00
0.00
0.00
0.00
0.00
0.00
0.00
0.00

