2.08
2.04
2.05
2.04
2.09
2.05
2.11
2.06
2.04
2.05
2.03
2.05
2.08
2.08
2.08
2.09
2.09
2.11
2.08
2.14
2.08
2.10
2.09
2.13
2.08
2.04
2.09
2.09
2.13
2.08
2.06
2.08
2.07
2.08
2.07
2.09
2.07
2.08
2.08
2.08
2.08
2.08
2.08
2.10
2.08
2.12
2.08
2.09
2.08
2.10
2.08
2.13
2.08
2.07
2.08
2.07
2.08
2.07
2.09
2.06
2.07
2.06
2.08
2.06
2.06
2.06
2.07
2.05
2.08
2.04
2.05
2.05
2.06
2.05
2.08
2.05
2.10
2.05
2.03
2.05
2.15
2.06
2.06
2.10
2.05
2.04
2.06
2.04
2.05
2.05
2.06
2.05
2.09
2.06
2.07
2.02
1.75
1.61
1.54
1.49
1.47
1.45
1.44
1.42
1.48
1.52
2.19
2.35
2.33
2.31
2.29
2.27
2.27
2.27
2.27
2.27
2.25
2.25
2.24
2.24
2.35
2.33
2.31
2.28
2.27
2.27
2.27
2.26
2.26
2.26
2.24
2.24
2.36
2.34
2.32
2.29
2.28
2.28
2.28
2.27
2.27
2.26
2.25
2.25
2.38
2.36
2.33
2.31
2.29
2.28
2.28
2.27
2.27
2.26
2.25
2.25
2.26
2.37
2.34
2.32
2.29
2.28
2.28
2.28
2.28
2.27
2.26
2.26
2.26
2.37
2.35
2.33
2.28
2.28
2.28
2.28
2.28
2.28
2.26
2.26
2.26
2.27
2.36
2.34
2.32
2.31
2.32
2.31
2.32
2.31
2.31
2.30
2.40
2.39
2.37
2.34
2.32
2.32
2.32
2.32
2.32
2.31
2.25
2.44
2.36
2.33
2.33
2.33
2.30
2.42
2.39
2.33
2.32
2.32
2.30
2.41
2.37
2.33
2.33
2.33
2.30
2.42
2.39
2.33
2.32
2.32
2.29
2.41
2.36
2.33
2.32
2.31
2.30
2.31
2.39
2.34
2.33
2.32
2.29
2.42
2.37
2.33
2.33
2.31
2.30
2.30
2.40
2.35
2.33
2.31
2.30
2.44
2.39
2.33
2.33
2.33
2.31
2.29
2.40
2.35
2.31
2.31
2.29
2.37
2.37
2.36
2.35
2.45
2.40
2.37
2.36
2.36
2.34
2.46
2.43
2.38
2.37
2.36
2.35
2.45
2.40
2.37
2.37
2.36
2.34
2.39
2.43
2.38
2.37
2.36
2.33
2.45
2.41
2.37
2.36
2.36
2.34
2.34
2.44
2.39
2.37
2.34
2.34
2.46
2.41
2.37
2.37
2.36
2.34
2.30
2.20
2.19
2.17
2.18
2.19
2.18
2.18
2.17
2.18
2.17
2.17
2.23
2.18
2.19
2.17
2.18
2.16
2.18
2.23
2.18
2.18
2.18
2.18
2.17
2.17
2.23
2.18
2.19
2.18
2.18
2.17
2.18
2.16
2.20
2.25
2.20
2.21
2.19
2.20
2.18
2.20
2.21
2.19
2.20
2.18
2.20
2.25
2.20
2.21
2.20
2.20
2.19
2.19
2.18
2.19
2.17
2.19
2.24
2.19
2.19
2.19
2.19
2.18
2.19
2.17
2.18
2.19
2.19
2.19
2.18
2.18
2.17
2.19
2.25
2.19
2.20
2.18
2.18
2.17
2.19
2.25
2.18
2.20
2.18
2.18
2.18
2.19
2.17
2.18
2.20
2.19
2.19
2.18
2.19
2.16
1.99
1.94
1.90
1.90
1.91
1.90
1.95
1.89
1.90
1.90
1.89
1.90
1.89
1.92
1.90
1.89
1.90
1.91
1.90
1.90
1.89
1.88
1.89
1.89
1.90
1.90
1.90
1.89
1.90
1.89
1.90
1.90
1.93
1.90
1.90
1.90
1.89
1.89
1.90
1.89
1.89
1.89
1.90
1.91
1.89
1.90
1.89
1.88
1.90
1.89
1.90
1.88
1.90
1.89
1.89
1.89
1.89
1.90
1.93
1.90
1.90
1.89
1.92
1.89
1.90
1.89
1.89
1.90
1.90
1.90
1.90
1.89
1.90
1.90
1.90
1.89
1.90
1.90
1.89
1.90
1.90
1.91
1.89
1.89
1.89
1.89
1.89
1.89
1.90
1.89
1.90
1.90
1.90
1.89
1.89
1.90
1.93
1.89
1.89
1.89
1.90
1.89
1.88
1.89
1.84
1.65
1.50
1.37
1.26
1.15
1.07
0.99
0.92
0.85
0.79
0.74
0.69
0.64
0.60
0.56
0.52
0.48
0.45
0.43
0.40
0.38
0.35
0.33
0.31
0.29
0.27
0.25
0.24
0.22
0.21
0.20
0.18
0.17
0.16
0.15
0.14
0.13
0.12
0.11
0.11
0.10
0.09
0.08
0.08
0.07
0.07
0.07
0.06
0.06
0.06
0.05
0.05
0.04
0.04
0.04
0.03
0.03
0.03
0.03
0.02
0.02
0.02
0.02
0.01
0.01
0.02
0.02
0.01
0.00
0.01
0.00
0.00
0.00
0.01
0.00
0.00
0.00
0.00
0.00
0.00
0.00
0.00
0.00
0.00
0.00
0.00
0.00
0.00
0.00
0.00
0.00
0.00
0.00
0.00