0.00
0.01
0.04
0.09
0.11
0.13
0.15
0.18
0.20
0.22
0.22
0.22
0.23
0.25
0.26
0.25
0.25
0.26
0.27
0.31
0.31
0.31
0.32
0.33
0.32
0.31
0.32
0.31
0.66
0.79
0.87
0.94
0.99
1.02
1.05
1.07
1.07
1.07
1.10
1.09
1.09
1.09
1.09
1.10
1.10
1.10
1.10
1.10
1.10
1.09
1.09
1.10
1.09
1.09
1.09
1.10
1.09
1.10
1.09
1.09
1.36
1.47
1.52
1.56
1.56
1.56
1.57
1.57
1.57
1.59
1.57
1.58
1.58
1.57
1.58
1.58
1.57
1.58
1.57
1.57
1.57
1.57
1.56
1.57
1.43
1.27
1.15
1.07
0.98
0.92
0.89
0.85
0.82
0.80
0.77
0.67
0.67
0.66
0.67
0.66
0.65
0.67
0.67
0.67
0.66
0.66
0.66
0.68
0.67
0.67
0.67
0.67
0.67
0.67
0.66
0.96
1.08
1.18
1.23
1.27
1.29
1.30
1.30
1.32
1.33
1.32
1.33
1.32
1.32
1.36
1.33
1.34
1.33
1.32
1.32
1.32
1.32
1.32
1.32
1.32
1.35
1.33
1.33
1.32
1.33
1.48
1.56
1.61
1.62
1.62
1.62
1.64
1.64
1.63
1.64
1.64
1.67
1.63
1.64
1.63
1.63
1.64
1.63
1.63
1.64
1.63
1.66
1.64
1.63
1.63
1.65
1.62
1.58
1.39
1.24
1.11
1.01
0.91
0.83
0.75
0.70
0.64
0.59
0.54
0.50
0.46
0.43
0.40
0.37
0.34
0.32
0.29
0.27
0.25
0.23
0.22
0.21
0.19
0.17
0.16
0.15
0.14
0.12
0.11
0.09
0.09
0.08
0.08
0.07
0.06
0.05
0.04
0.03
0.02
0.02
0.02
0.01
0.01
0.01
0.01
0.00
0.00

