0.00
0.00
0.00
0.00
0.00
0.00
0.00
0.00
0.00
0.00
0.00
0.00
0.00
0.00
0.00
0.00
0.00
0.00
0.00
0.00
0.00
0.00
0.00
0.00
0.00
0.00
0.00
0.00
0.00
0.00
0.00
0.00
0.00
0.00
0.00
0.00
0.00
0.00
0.00
0.00
0.00
0.00
0.00
0.00
0.00
0.00
0.00
0.00
0.00
0.00
0.00
0.00
0.00
0.00
0.00
0.00
0.00
0.00
0.00
0.00
0.00
0.00
0.00
0.00
0.00
0.00
0.00
0.00
0.00
0.00
0.00
0.00
0.00
0.00
0.00
0.00
0.00
0.00
0.00
0.00
0.00
0.00
0.00
0.00
0.00
0.00
0.00
0.00
0.00
0.00
0.00
0.00
0.00
0.00
0.00
0.00
0.00
0.00
0.00
0.00
0.00
0.00
0.00
0.00
0.00
0.00
0.00
0.00
0.00
0.00
0.00
0.00
0.00
0.00
0.00
0.00
0.00
0.00
0.00
0.00
0.00
0.00
0.00
0.00
0.00
0.00
0.00
0.00
0.00
0.00
0.00
0.00
0.00
0.00
0.00
0.00
0.00
0.00
0.00
0.00
0.00
0.00
0.00
0.00
0.00
0.00
0.00
0.00
0.00
0.00
0.00
0.00
0.00
0.00
0.00
0.00
0.00
0.00
0.00
0.00
0.00
0.00
0.00
0.00
0.00
0.00
0.00
0.00
0.00
0.00
0.00
0.00
0.00
0.00
0.00
0.00
0.00
0.00
0.00
0.00
0.00
0.00
0.00
0.00
0.00
0.00
0.00
0.00
0.00
0.00
0.00
0.00
0.00
0.00
0.00
0.00
0.00
0.00
0.00
0.00
0.00
0.00
0.00
0.00
0.00
0.00
0.00
0.00
0.00
0.00
0.00
0.00
0.00
0.00
0.00
0.00
0.00
0.00
0.00
0.00
0.00
0.00
0.00
0.00
0.00
0.00
0.00
0.00
0.00
0.00
0.00
0.00
0.00
0.00
0.00
0.00
0.00
0.00
0.00
0.00
0.00
0.00
0.00
0.00
0.00
0.00
0.00
0.00
0.00
0.00
0.00
0.00
0.00
0.00
0.00
0.00
0.00
0.00
0.00
0.00
0.00
0.00
0.00
0.00
0.00
0.00
0.00
0.00
0.00
0.00
0.00
0.00
0.00
0.00
0.00
0.00
0.00
0.00
0.00
0.00
0.00
0.00
0.00
0.00
0.00
0.00
0.00
0.00
0.00
0.00
0.00
0.00
0.00
0.00
0.00
0.00
0.00
0.00
0.00
0.00
0.00
0.00
0.00
0.00
0.00
0.00
0.00
0.00
0.00
0.00
0.00
0.00
0.00
0.00
0.00
0.00
0.00
0.00
0.00
0.00
0.00
0.00
0.00
0.00
0.00
0.00
0.00
0.00
0.00
0.00
0.00
0.00
0.00
0.00
0.00
0.00
0.00
0.00
0.00
0.00
0.00
0.00
0.22
0.78
1.08
1.26
1.33
1.37
1.40
1.42
1.42
1.43
1.43
1.43
1.42
1.43
1.44
1.44
1.44
1.44
1.43
1.45
1.43
1.44
1.43
1.43
1.43
1.44
1.43
1.44
1.43
1.44
1.43
1.43
1.43
1.43
1.43
1.44
1.44
1.43
1.44
1.46
1.44
1.44
1.44
1.46
1.44
1.43
1.44
1.44
1.43
1.43
1.44
1.43
1.44
1.44
1.43
1.43
1.44
1.44
1.45
1.43
1.43
1.43
1.44
1.44
1.43
1.44
1.43
1.44
1.44
1.44
1.43
1.43
1.44
1.43
1.43
1.44
1.43
1.44
1.45
1.42
1.44
1.43
1.43
1.44
1.43
1.43
1.44
1.43
1.44
1.45
1.43
1.43
1.44
1.43
1.45
1.44
1.43
1.43
1.46
1.44
1.43
1.44
1.43
1.44
1.44
1.44
1.43
1.44
1.43
1.44
1.44
1.44
1.44
1.43
1.44
1.43
1.43
1.43
1.44
1.44
1.44
1.43
1.44
1.43
1.44
1.44
1.43
1.43
1.44
1.43
1.44
1.44
1.43
1.43
1.46
1.43
1.43
1.44
1.43
1.43
1.43
1.44
1.44
1.44
1.43
1.43
1.43
1.44
1.43
1.44
1.43
1.43
1.43
1.44
1.43
1.42
1.43
1.44
1.44
1.43
1.43
1.43
1.43
1.44
1.44
1.43
1.44
1.43
1.44
1.44
1.47
1.43
1.42
1.43
1.43
1.43
1.44
1.43
1.43
1.44
1.43
1.43
1.43
1.44
1.44
1.45
1.43
1.44
1.43
1.46
1.43
1.42
1.43
1.44
1.44
1.44
1.44
1.43
1.43
1.44
1.44
1.43
1.44
1.43
1.44
1.43
1.45
1.43
1.43
1.43
1.46
1.44
1.44
1.43
1.43
1.44
1.43
1.43
1.43
1.44
1.44
1.45
1.43
1.44
1.43
1.45
1.44
1.42
1.43
1.43
1.43
1.42
1.44
1.43
1.43
1.44
1.43
1.43
1.43
1.43
1.44
1.43
1.44
1.43
1.44
1.43
1.43
1.43
1.44
1.43
1.43
1.43
1.44
1.43
1.44
1.43
1.43
1.44
1.44
1.44
1.43
1.45
1.42
1.43
1.43
1.45
1.42
1.43
1.43
1.42
1.43
1.43
1.43
1.42
1.44
1.42
1.44
1.43
1.43
1.43
1.44
1.42
1.42
1.42
1.44
1.43
1.42
1.42
1.42
1.42
1.44
1.43
1.42
1.43
1.43
1.43
1.42
1.46
1.42
1.43
1.44
1.45
1.43
1.43
1.42
1.43
1.43
1.43
1.43
1.42
1.43
1.43
1.43
1.43
1.43
1.42
1.45
1.42
1.42
1.42
1.43
1.43
1.43
1.42
1.43
1.42
1.43
1.42
1.42
1.43
1.43
1.43
1.43
1.43
1.42
1.42
1.43
1.46
1.43
1.43
1.42
1.42
1.41
1.43
1.42
1.43
1.42
1.43
1.42
1.43
1.42
1.41
1.44
1.42
1.43
1.42
1.43
1.42
1.43
1.42
1.42
1.42
1.43
1.43
1.43
1.42
1.42
1.42
1.42
1.43
1.42
1.43
1.43
1.43
1.43
1.43
1.43
1.43
1.43
1.42
1.43
1.43
1.43
1.43
1.42
1.44
1.43
1.42
1.45
1.44
1.42
1.44
1.44
1.42
1.42
1.44
1.44
1.43
1.43
1.43
1.43
1.45
1.44
1.43
1.44
1.43
1.43
1.44
1.44
1.43
1.43
1.44
1.43
1.43
1.44
1.43
1.43
1.45
1.44
1.44
1.44
1.44
1.44
1.44
1.43
1.44
1.43
1.45
1.46
1.43
1.44
1.44
1.44
1.44
1.44
1.43
1.43
1.44
1.44
1.44
1.44
1.43
1.44
1.44
1.44
1.43
1.45
1.44
1.44
1.44
1.45
1.44
1.43
1.45
1.45
1.45
1.43
1.44
1.43
1.44
1.44
1.44
1.43
1.44
1.47
1.44
1.44
1.44
1.44
1.44
1.44
1.43
1.43
1.44
1.44
1.43
1.44
1.43
1.43
1.45
1.44
1.44
1.44
1.44
1.44
1.43
1.44
1.44
1.43
1.43
1.44
1.43
1.45
1.44
1.43
1.43
1.44
1.44
1.43
1.44
1.42
1.43
1.43
1.44
1.46
1.44
1.43
1.43
1.43
1.44
1.43
1.43
1.44
1.43
1.44
1.44
1.43
1.44
1.45
1.45
1.44
1.43
1.43
1.43
1.43
1.43
1.44
1.43
1.44
1.44
1.43
1.43
1.44
1.43
1.44
1.44
1.43
1.44
1.44
1.44
1.43
1.44
1.43
1.44
1.43
1.44
1.44
1.43
1.43
1.44
1.44
1.44
1.43
1.43
1.44
1.45
1.44
1.43
1.43
1.44
1.44
1.43
1.43
1.43
1.43
1.44
1.43
1.43
1.44
1.43
1.45
1.45
1.43
1.43
1.44
1.43
1.43
1.43
1.43
1.43
1.43
1.44
1.43
1.44
1.43
1.43
1.43
1.44
1.43
1.43
1.43
1.46
1.43
1.44
1.43
1.45
1.44
1.44
1.44
1.43
1.44
1.43
1.44
1.43
1.44
1.43
1.44
1.44
1.44
1.44
1.45
1.43
1.42
1.44
1.43
1.44
1.43
1.44
1.44
1.44
1.43
1.43
1.43
1.43
1.44
1.43
1.43
1.43
1.43
1.44
1.43
1.45
1.43
1.43
1.43
1.44
1.44
1.42
1.43
1.43
1.43
1.43
1.44
1.42
1.43
1.43
1.45
1.43
1.42
1.43
1.43
1.44
1.44
1.44
1.43
1.44
1.43
1.44
1.43
1.44
1.44
1.45
1.44
1.44
1.44
1.44
1.44
1.46
1.43
1.44
1.43
1.43
1.44
1.43
1.44
1.44
1.43
1.43
1.44
1.43
1.44
1.43
1.45
1.44
1.44
1.43
1.44
1.44
1.44
1.43
1.43
1.43
1.44
1.44
1.42
1.43
1.43
1.44
1.44
1.44
1.43
1.44
1.42
1.46
1.43
1.43
1.43
1.46
1.44
1.43
1.43
1.44
1.43
1.43
1.44
1.43
1.44
1.44
1.43
1.43
1.44
1.43
1.45
1.43
1.44
1.44
1.43
1.43
1.43
1.43
1.44
1.44
1.43
1.43
1.44
1.44
1.43
1.43
1.43
1.46
1.45
1.44
1.43
1.46
1.43
1.43
1.44
1.43
1.43
1.43
1.44
1.44
1.44
1.44
1.44
1.43
1.44
1.43
1.45
1.43
1.43
1.44
1.45
1.43
1.44
1.43
1.44
1.44
1.43
1.43
1.44
1.43
1.43
1.44
1.43
1.43
1.44
1.44
1.44
1.47
1.43
1.43
1.43
1.44
1.44
1.44
1.43
1.44
1.43
1.44
1.43
1.43
1.43
1.44
1.45
1.43
1.43
1.43
1.45
1.43
1.43
1.43
1.45
1.27
1.13
1.02
0.91
0.82
0.75
0.69
0.62
0.58
0.53
0.48
0.45
0.41
0.38
0.36
0.33
0.30
0.28
0.26
0.24
0.22
0.21
0.20
0.18
0.17
0.16
0.15
0.13
0.12
0.11
0.11
0.10
0.08
0.09
0.08
0.07
0.07
0.06
0.05
0.05
0.05
0.05
0.04
0.04
0.03
0.03
0.03
0.03
0.03
0.02
0.02
0.02
0.01
0.01
0.01
0.01
0.00
0.00
0.01
0.01
0.00
0.00
0.00
0.00
0.00
0.00
0.00
0.00
0.00
0.00
0.00
0.00
0.00
0.00
0.00
0.00
0.00
0.00
0.00
0.00
0.00
0.00
0.00
0.00
0.00
0.00
0.00
0.00
0.00
0.00
0.00
0.00
0.00
0.00
0.00
0.00
0.00
0.00
0.00
0.00
0.00
0.00
0.00
0.00
0.00
0.00
0.00
0.00
0.00
0.00
0.00
0.00
0.00
0.00
0.00
0.00
0.00
0.00
0.00
0.00
0.00
0.00
0.00
0.00
0.00
0.00
0.00
0.00
0.00
0.00
0.00
0.00
0.00
0.00
0.00
0.00
0.00
0.00
0.00
0.00
0.00
0.00
0.00
0.00
0.00
0.00
0.00
0.00
0.00
0.00
0.00
0.00
0.00
0.00
0.00
0.00
0.00
0.00
0.00
0.00
0.00
0.00
0.00
0.00
0.00
0.00
0.00
0.00
0.00
0.00
0.00
0.00
0.00
0.00
0.00
0.00
0.00
0.00
0.00
0.00
0.00
0.00
0.00
0.00
0.00
0.00
0.00
0.00
0.00
0.00
0.00
0.00
0.00
0.00
0.00
0.00
0.00
0.00
0.00
0.00
0.00
0.00
0.00
0.00
0.00
0.00
0.00
0.00
0.00
0.00
0.00
0.00
0.00
0.00
0.00
0.00
0.00
0.00
0.00
0.00
0.00
0.00
0.00
0.00
0.00
0.00
0.00
0.00
0.00
0.00
0.00
0.00
0.00
0.00
0.00
0.00
0.00
0.00
0.00
0.00
0.00
0.00
0.00
0.00
0.00
0.00
0.00
0.00
0.00
0.00
0.00
0.00
0.00
0.00
0.00
0.00
0.00
0.00
0.00
0.00
0.00
0.00
0.00
0.00
0.00
0.00
0.00
0.00
0.00
0.00
0.00
0.00
0.00
0.00
0.00
0.00
0.00
0.00
0.00
0.00
0.00
0.00
0.00
0.00
0.00
0.00
0.00
0.00
0.00
0.00
0.00
0.00
0.00
0.00
0.00
0.00
0.00
0.00
0.00
0.00
0.00
0.00
0.00
0.00
0.00
0.00
0.00
0.00
0.00
0.00
0.00
0.00
0.00
0.00
0.00
0.00
0.00
0.00
0.00
0.00
0.00
0.00
0.00
0.00
0.00
0.00
0.00
0.00
0.00
0.00
0.00
0.00
0.00
0.00
0.00
0.00
0.00
0.00
0.00
0.00
0.00
0.00
0.00
0.00
0.00
0.00
0.00
0.00
0.00
0.00
0.00
0.00
0.00
0.00
0.00
0.00
0.00
0.00
0.00
0.00
0.00
0.00
0.00
0.00
0.00
0.00
0.00
0.00
0.00
0.00
0.00
0.00
0.00
0.00
0.00
0.00
0.00
0.00
0.00
0.00
0.00
0.00
0.00
0.00
0.00
0.00
0.00
0.00
0.00
0.00
0.00
0.00
0.00
0.00
0.00
0.00
0.00
0.00
0.00
0.00
0.00
0.00
0.00
0.00
0.00
0.00
0.00
0.00
0.00
0.00
0.00
0.00
0.00
0.00
0.00
0.00
0.00
0.00
0.00
0.00
0.00
0.00
0.00
0.00
0.00
0.00
0.00
0.00
0.00
0.00
0.00
0.00
0.00
0.00
0.00
0.00
0.00
0.00
0.00
0.00
0.00
0.00
0.00
0.00
0.00
0.00
0.00
0.00
0.00
0.00
0.00
0.00
0.00
0.00
0.00
0.00
0.00
0.00
0.00
0.00
0.00
0.00
0.00
0.00
0.00
0.00
0.00
0.00
0.00
0.00
0.00
0.00
0.00
0.00
0.00
0.00
0.00
0.00
0.00
0.00
0.00
0.00
0.00
0.00
0.00
0.00
0.00
0.00
0.00
0.00
0.00
0.00
0.00
0.00
0.00
0.00
0.00
0.00
0.00
0.00
0.00
0.00
0.00
0.00
0.00
0.00
0.00
0.00
0.00
0.00
0.00
0.00
0.00
0.00
0.00
0.00
0.00
0.00
0.00
0.00
0.00
0.00
0.00
0.00
0.00
0.00
0.00
0.00
0.00
0.00
0.00
0.00
0.00
0.00
0.00
0.00
0.00
0.00
0.00
0.00
0.00
0.00
0.00
0.00
0.00
0.00
0.00
0.00
0.00
0.00
0.00
0.00
0.00
0.00
0.00
0.00
0.00
0.00
0.00
0.00
0.00
0.00
0.00
0.00
0.00
0.00
0.00
0.00
0.00
0.00
0.00
0.00
0.00
0.00
0.00
0.00
0.00
0.00
0.00
0.00
0.00
0.00
0.00
0.00
0.00
0.00
0.00
0.00
0.00
0.00
0.00
0.00
0.00
0.00
0.00
0.00
0.00
0.00
0.00
0.00
0.00
0.00
0.00
0.00
0.00
0.00
0.00
0.00
0.00
0.00
0.00
0.00
0.00
0.00
0.00
0.00
0.00
0.00
0.00
0.00
0.00
0.00
0.00
0.00
0.00
0.00
0.00
0.00
0.00
0.00
0.00
0.00
0.00
0.00
0.00
0.00
0.00
0.00
0.00
0.00
0.00
0.00
0.00
0.00
0.00
0.00
0.00
0.00
0.00
0.00
0.00
0.00
0.00
0.00
0.00
0.00
0.00
0.00
0.00
0.00
0.00
0.00
0.00
0.00
0.00
0.00
0.00
0.00
0.00
0.00
0.00
0.00
0.00
0.00
0.00
0.00
0.00
0.00
0.00
0.00
0.00
0.00
0.00
0.00
0.00
0.00
0.00
0.00
0.00
0.00
0.00
0.00
0.00
0.00
0.00
0.00
0.00
0.00
0.00
0.00
0.00
0.00
0.00
0.00
0.00
0.00
0.00
0.00
0.00
0.00
0.00
0.00
0.00
0.00
0.00
0.00
0.00
0.00
0.00
0.00
0.00
0.00
0.00
0.00
0.00
0.00
0.00
0.00
0.00
0.00
0.00
0.00
0.00
0.00
0.00
0.00
0.00
0.00
0.00
0.00
0.00
0.00
0.00
0.00
0.00
0.00
0.00
0.00
0.00
0.00
0.00
0.00
0.00
0.00
0.00
0.00
0.00
0.00
0.00
0.00
0.00
0.00
0.00
0.00
0.00
0.00
0.00
0.00
0.00
0.00
0.00
0.00
0.00
0.00
0.00
0.00
0.00
0.00
0.00
0.00
0.00
0.00
0.00
0.00
0.00
0.00
0.00
0.00
0.00
0.00
0.00
0.00
0.00
0.00
0.00
0.00
0.00
0.00
0.00
0.00
0.00
0.36
1.01
1.29
1.44
1.51
1.55
1.56
1.57
1.58
1.58
1.58
1.58
1.57
1.58
1.58
1.59
1.59
1.58
1.59
1.58
1.59
1.58
1.59
1.58
1.58
1.59
1.59
1.59
1.60
1.59
1.59
1.58
1.59
1.58
1.63
1.58
1.59
1.59
1.59
1.58
1.59
1.57
1.59
1.59
1.58
1.60
1.59
1.59
1.59
1.58
1.59
1.58
1.61
1.58
1.59
1.58
1.58
1.58
1.58
1.58
1.58
1.59
1.59
1.59
1.58
1.59
1.59
1.59
1.59
1.58
1.58
1.58
1.59
1.59
1.59
1.59
1.58
1.59
1.58
1.59
1.58
1.58
1.58
1.58
1.58
1.59
1.58
1.59
1.58
1.59
1.58
1.59
1.58
1.59
1.58
1.59
1.58
1.59
1.58
1.57
1.58
1.59
1.58
1.60
1.58
1.60
1.58
1.59
1.59
1.58
1.61
1.59
1.58
1.59
1.59
1.59
1.58
1.61
1.59
1.59
1.60
1.59
1.59
1.58
1.58
1.59
1.58
1.59
1.65
1.58
1.59
1.58
1.59
1.59
1.59
1.58
1.59
1.59
1.59
1.58
1.60
1.59
1.59
1.59
1.59
1.59
1.59
1.59
1.59
1.58
1.63
1.58
1.58
1.58
1.59
1.58
1.59
1.62
1.59
1.58
1.59
1.59
1.59
1.58
1.61
1.58
1.59
1.58
1.61
1.58
1.59
1.59
1.59
1.58
1.58
1.62
1.59
1.59
1.58
1.59
1.58
1.59
1.59
1.59
1.59
1.60
1.59
1.59
1.59
1.59
1.59
1.59
1.59
1.59
1.59
1.59
1.58
1.59
1.59
1.59
1.58
1.60
1.59
1.59
1.58
1.59
1.59
1.59
1.58
1.59
1.58
1.58
1.58
1.59
1.58
1.62
1.58
1.59
1.58
1.59
1.60
1.59
1.59
1.59
1.59
1.59
1.60
1.59
1.58
1.59
1.60
1.58
1.59
1.61
1.59
1.59
1.59
1.59
1.59
1.59
1.59
1.58
1.60
1.59
1.59
1.58
1.59
1.58
1.59
1.59
1.59
1.58
1.59
1.58
1.59
1.58
1.59
1.58
1.59
1.59
1.59
1.59
1.58
1.58
1.59
1.58
1.59
1.58
1.59
1.58
1.59
1.58
1.58
1.61
1.59
1.60
1.58
1.59
1.58
1.58
1.61
1.59
1.59
1.59
1.60
1.58
1.59
1.62
1.58
1.59
1.58
1.60
1.58
1.59
1.58
1.59
1.59
1.59
1.61
1.60
1.59
1.59
1.58
1.59
1.59
1.59
1.58
1.59
1.58
1.59
1.58
1.59
1.58
1.59
1.58
1.59
1.58
1.59
1.59
1.59
1.59
1.59
1.58
1.58
1.58
1.59
1.58
1.58
1.58
1.59
1.58
1.61
1.59
1.59
1.58
1.59
1.59
1.59
1.60
1.59
1.59
1.58
1.58
1.59
1.59
1.62
1.59
1.58
1.59
1.59
1.59
1.59
1.59
1.59
1.59
1.58
1.61
1.59
1.59
1.59
1.59
1.59
1.59
1.58
1.59
1.58
1.59
1.59
1.58
1.58
1.59
1.58
1.59
1.58
1.58
1.59
1.59
1.58
1.59
1.59
1.59
1.58
1.59
1.58
1.59
1.56
1.59
1.58
1.58
1.59
1.59
1.59
1.57
1.59
1.58
1.58
1.60
1.58
1.59
1.58
1.59
1.59
1.58
1.61
1.58
1.59
1.59
1.59
1.59
1.59
1.58
1.59
1.59
1.59
1.60
1.60
1.59
1.59
1.59
1.59
1.58
1.59
1.58
1.59
1.58
1.59
1.58
1.59
1.58
1.58
1.58
1.59
1.58
1.59
1.59
1.58
1.58
1.59
1.59
1.58
1.58
1.58
1.58
1.62
1.58
1.59
1.59
1.58
1.59
1.59
1.62
1.58
1.59
1.59
1.59
1.59
1.59
1.61
1.59
1.59
1.59
1.60
1.59
1.59
1.59
1.59
1.59
1.58
1.60
1.58
1.59
1.59
1.60
1.59
1.59
1.58
1.59
1.58
1.59
1.58
1.59
1.59
1.59
1.58
1.58
1.59
1.58
1.59
1.59
1.59
1.59
1.59
1.59
1.59
1.59
1.59
1.59
1.59
1.59
1.59
1.59
1.60
1.59
1.59
1.58
1.59
1.59
1.59
1.61
1.59
1.59
1.59
1.59
1.59
1.59
1.62
1.59
1.59
1.59
1.60
1.59
1.60
1.59
1.59
1.59
1.59
1.59
1.59
1.59
1.59
1.59
1.59
1.59
1.59
1.58
1.59
1.59
1.59
1.59
1.59
1.58
1.59
1.59
1.59
1.57
1.59
1.60
1.58
1.59
1.59
1.58
1.58
1.58
1.59
1.58
1.62
1.58
1.59
1.59
1.59
1.59
1.59
1.62
1.59
1.60
1.59
1.61
1.59
1.59
1.58
1.60
1.59
1.59
1.60
1.60
1.59
1.60
1.59
1.60
1.59
1.61
1.59
1.59
1.59
1.60
1.59
1.59
1.59
1.59
1.59
1.59
1.59
1.59
1.59
1.59
1.59
1.59
1.59
1.59
1.58
1.59
1.59
1.59
1.60
1.59
1.60
1.59
1.60
1.59
1.58
1.60
1.59
1.59
1.61
1.59
1.60
1.59
1.59
1.59
1.59
1.62
1.60
1.59
1.59
1.59
1.59
1.59
1.62
1.59
1.60
1.59
1.60
1.59
1.59
1.59
1.59
1.59
1.59
1.60
1.59
1.59
1.59
1.59
1.59
1.59
1.60
1.60
1.59
1.59
1.60
1.59
1.59
1.59
1.59
1.59
1.59
1.58
1.59
1.58
1.59
1.59
1.59
1.59
1.58
1.60
1.60
1.59
1.60
1.59
1.59
1.58
1.59
1.60
1.59
1.59
1.59
1.60
1.59
1.61
1.59
1.59
1.59
1.60
1.59
1.60
1.62
1.59
1.59
1.60
1.59
1.60
1.59
1.59
1.59
1.60
1.59
1.60
1.59
1.60
1.59
1.60
1.59
1.59
1.58
1.60
1.59
1.59
1.59
1.59
1.59
1.59
1.58
1.59
1.59
1.59
1.59
1.59
1.60
1.59
1.60
1.59
1.59
1.59
1.59
1.59
1.62
1.59
1.60
1.58
1.60
1.59
1.60
1.62
1.60
1.59
1.60
1.60
1.59
1.59
1.62
1.59
1.60
1.59
1.61
1.59
1.60
1.59
1.60
1.59
1.59
1.59
1.59
1.59
1.59
1.59
1.59
1.59
1.59
1.59
1.59
1.59
1.59
1.59
1.60
1.59
1.60
1.59
1.59
1.58
1.59
1.59
1.59
1.59
1.59
1.59
1.59
1.59
1.59
1.59
1.61
1.59
1.60
1.59
1.59
1.60
1.60
1.58
1.59
1.60
1.59
1.61
1.59
1.59
1.58
1.59
1.59
1.59
1.61
1.60
1.59
1.60
1.60
1.59
1.39
1.23
1.09
0.98
0.89
0.80
0.73
0.67
0.61
0.56
0.51
0.48
0.44
0.41
0.38
0.35
0.32
0.30
0.28
0.26
0.23
0.22
0.21
0.19
0.18
0.16
0.16
0.14
0.13
0.12
0.11
0.10
0.09
0.09
0.09
0.08
0.07
0.07
0.06
0.05
0.05
0.05
0.04
0.04
0.04
0.03
0.03
0.02
0.02
0.02
0.02
0.01
0.02
0.01
0.01
0.01
0.01
0.01
0.00
0.01
0.00
0.01
0.00
0.00
0.00
0.00
0.00
0.00
0.00
0.00
0.00
0.00
0.00
0.00
0.00
0.00
0.00
0.00
0.00
0.00
0.00
0.00
0.00
0.00
0.00
0.00
0.00
0.00
0.00
0.00
0.00
0.00
0.00
0.00
0.00
0.00
0.00
0.00
0.00
0.00
0.00
0.00
0.00
0.00
0.00
0.00
0.00
0.00
0.00
0.00
0.00
0.00
0.00
0.00
0.00
0.00
0.00
0.00
0.00
0.00
0.00
0.00
0.00
0.00
0.00
0.00
0.00
0.00
0.00
0.00
0.00
0.00
0.00
0.00
0.00
0.00
0.00
0.00
0.00
0.00
0.00
0.00
0.00
0.00
0.00
0.00
0.00
0.00
0.00
0.00
0.00
0.00
0.00
0.00
0.00
0.00
0.00
0.00
0.00
0.00
0.00
0.00
0.00
0.00
0.00
0.00
0.00
0.00
0.00
0.00
0.00
0.00
0.00
0.00
0.00
0.00
0.00
0.00
0.00
0.00
0.00
0.00
0.00
0.00
0.00
0.00
0.00
0.00
0.00
0.00
0.00
0.00
0.00
0.00
0.00
0.00
0.00
0.00
0.00
0.00
0.00
0.00
0.00
0.00
0.00
0.00
0.00
0.00
0.00
0.00
0.00
0.00
0.00
0.00
0.00
0.00
0.00
0.00
0.00
0.00
0.00
0.00
0.00
0.00
0.00
0.00
0.00
0.00
0.00
0.00
0.00
0.00
0.00
0.00
0.00
0.00
0.00
0.00
0.00
0.00
0.00
0.00
0.00
0.00
0.00
0.00
0.00
0.00
0.00
0.00
0.00
0.00
0.00
0.00
0.00
0.00
0.00
0.00
0.00
0.00
0.00
0.00
0.00
0.00
0.00
0.00
0.00
0.00
0.00
0.00
0.00
0.00
0.00
0.00
0.00
0.00
0.00
0.00
0.00
0.00
0.00
0.00
0.00
0.00
0.00
0.00
0.00
0.00
0.00
0.00
0.00
0.00
0.00
0.00
0.00
0.00
0.00
0.00
0.00
0.00
0.00
0.00
0.00
0.00
0.00
0.00
0.00
0.00
0.00
0.00
0.00
0.00
0.00
0.00
0.00
0.00
0.00
0.00
0.00
0.00
0.00
0.00
0.00
0.00
0.00
0.00
0.00
0.00
0.00
0.00
0.00
0.00
0.00
0.00
0.00
0.00
0.00
0.00
0.00
0.00
0.00
0.00
0.00
0.00
0.00
0.00
0.00
0.00
0.00
0.00
0.00
0.00
0.00
0.00
0.00
0.00
0.00
0.00
0.00
0.00
0.00
0.00
0.00
0.00
0.00
0.00
0.00
0.00
0.00
0.00
0.00
0.00
0.00
0.00
0.00
0.00
0.00
0.00
0.00
0.00
0.00
0.00
0.00
0.00
0.00
0.00
0.00
0.00
0.00
0.00
0.00
0.00
0.00
0.00
0.00
0.00
0.00
0.00
0.00
0.00
0.00
0.00
0.00
0.00
0.00
0.00
0.00
0.00
0.00
0.00
0.00
0.00
0.00
0.00
0.00
0.00
0.00
0.00
0.00
0.00
0.00
0.00
0.00
0.00
0.00
0.00
0.00
0.00
0.00
0.00
0.00
0.00
0.00
0.00
0.00
0.00
0.00
0.00
0.00
0.00
0.00
0.00
0.00
0.00
0.00
0.00
0.00
0.00
0.00
0.00
0.00
0.00
0.00
0.00
0.00
0.00
0.00
0.00
0.00
0.00
0.00
0.00
0.00
0.00
0.00
0.00
0.00
0.00
0.00
0.00
0.00
0.00
0.00
0.00
0.00
0.00
0.00
0.00
0.00
0.00
0.00
0.00
0.00
0.00
0.00
0.00
0.00
0.00
0.00
0.00
0.00
0.00
0.00
0.00
0.00
0.00
0.00
0.00
0.00
0.00
0.00
0.00
0.00
0.00
0.00
0.00
0.00
0.00
0.00
0.00
0.00
0.00
0.00
0.00
0.00
0.00
0.00
0.00
0.00
0.00
0.00
0.00
0.00
0.00
0.00
0.00
0.00
0.00
0.00
0.00
0.00
0.00
0.00
0.00
0.00
0.00
0.00
0.00
0.00
0.00
0.00
0.00
0.00
0.00
0.00
0.00
0.00
0.00
0.00
0.00
0.00
0.00
0.00
0.00
0.00
0.00
0.00
0.00
0.00
0.00
0.00
0.00
0.00
0.00
0.00
0.00
0.00
0.00
0.00
0.00
0.00
0.00
0.00
0.00
0.00
0.00
0.00
0.00
0.00
0.00
0.00
0.00
0.00
0.00
0.00
0.00
0.00
0.00
0.00
0.00
0.00
0.00
0.00
0.00
0.00
0.00
0.00
0.00
0.00
0.00
0.00
0.00
0.00
0.00
0.00
0.00
0.00
0.00
0.00
0.00
0.00
0.00
0.00
0.00
0.00
0.00
0.00
0.00
0.00
0.00
0.00
0.00
0.00
0.00
0.00
0.00
0.00
0.00
0.00
0.00
0.00
0.00
0.00
0.00
0.00
0.00
0.00
0.00
0.00
0.00
0.00
0.00
0.00
0.00
0.00
0.00
0.00
0.00
0.00
0.00
0.00
0.00
0.00
0.00
0.00
0.00
0.00
0.00
0.00
0.00
0.00
0.00
0.00
0.00
0.00
0.00
0.00
0.00
0.00
0.00
0.00
0.00
0.00
0.00
0.00
0.00
0.00
0.00
0.00
0.00
0.00
0.00
0.00
0.00
0.00
0.00
0.00
0.00
0.00
0.00
0.00
0.00
0.00
0.00
0.00
0.00
0.00
0.00
0.00
0.00
0.00
0.00
0.00
0.00
0.00
0.00
0.00
0.00
0.00
0.00
0.00
0.00
0.00
0.00
0.00
0.00
0.00
0.00
0.00
0.00
0.00
0.00
0.00
0.00
0.00
0.00
0.00
0.00
0.00
0.00
0.00
0.00
0.00
0.00
0.00
0.00
0.00
0.00
0.00
0.00
0.00
0.00
0.00
0.00
0.00
0.00
0.00
0.00
0.00
0.00
0.00
0.00
0.00
0.00
0.00
0.00
0.00
0.00
0.00
0.00
0.00
0.00
0.00
0.00
0.00
0.00
0.00
0.00
0.00
0.00
0.00
0.00
0.00
0.00
0.00
0.00
0.00
0.00
0.00
0.00
0.00
0.00
0.00
0.00
0.00
0.00
0.00
0.00
0.00
0.00
0.00
0.00
0.00
0.00
0.00
0.00
0.00
0.00
0.00
0.00
0.00
0.84
1.93
2.08
2.09
2.16
2.07
2.08
2.07
2.09
2.07
2.06
2.13
2.05
2.06
2.06
2.12
2.06
2.06
2.08
2.05
2.08
2.07
2.09
2.05
2.06
2.07
2.12
2.06
2.11
2.08
2.08
2.06
2.08
2.10
2.06
2.08
2.07
2.07
2.07
2.11
2.14
2.19
2.14
2.14
2.14
2.12
2.13
2.13
2.14
2.12
2.14
2.14
2.17
2.14
2.14
2.14
2.12
2.14
2.13
2.14
2.11
2.14
2.14
2.15
2.12
2.14
2.14
2.21
2.14
2.14
2.15
2.20
2.15
2.14
2.15
2.13
2.14
2.15
2.18
2.14
2.15
2.14
2.18
2.14
2.15
2.14
2.11
2.14
2.13
2.16
2.13
2.13
2.14
2.15
2.13
2.13
2.13
2.21
2.13
2.14
2.14
2.12
2.14
2.13
2.19
2.11
2.13
2.13
2.17
2.13
2.13
2.14
2.11
2.13
2.14
2.17
2.13
2.14
2.14
2.17
2.13
2.15
2.14
2.14
2.14
2.14
2.16
2.21
2.14
2.14
2.14
2.13
2.14
2.15
2.18
2.14
2.15
2.14
2.23
2.13
2.14
2.14
2.12
2.14
2.14
2.17
2.13
2.14
2.14
2.11
2.14
2.14
2.14
2.15
2.14
2.15
2.15
2.13
2.15
2.14
2.21
2.12
2.14
2.15
2.20
2.15
2.15
2.15
2.13
2.15
2.15
2.18
2.12
2.15
2.15
2.19
2.14
2.16
2.15
2.13
2.16
2.15
2.17
2.14
2.15
2.16
2.16
2.15
2.15
2.15
2.21
2.15
2.16
2.15
2.13
2.15
2.15
2.16
2.13
2.15
2.15
2.18
2.15
2.15
2.16
2.13
2.13
2.15
2.15
2.13
2.15
2.15
2.17
2.13
2.16
2.15
2.22
2.15
2.15
2.16
2.21
2.15
2.15
2.15
2.14
2.15
2.15
2.19
2.14
2.16
2.15
2.19
2.14
2.15
2.15
2.13
2.16
2.15
2.17
2.14
2.15
2.16
2.17
2.14
2.15
2.15
2.22
2.15
2.15
2.16
2.13
2.16
2.15
2.16
2.14
2.15
2.15
2.19
2.15
2.15
2.15
2.13
2.15
2.15
2.15
2.14
2.15
2.15
2.17
2.14
2.15
2.15
2.11
2.16
2.16
2.16
2.22
2.15
2.16
2.16
2.15
2.16
2.16
2.21
2.15
2.16
2.16
2.20
2.16
2.16
2.17
2.13
2.16
2.16
2.18
2.16
2.16
2.17
2.18
2.15
2.16
2.15
2.17
2.16
2.16
2.17
2.14
2.16
2.15
2.17
2.15
2.16
2.17
2.20
2.16
2.16
2.16
2.15
2.16
2.17
2.16
2.14
2.17
2.16
2.19
2.15
2.16
2.16
2.15
2.17
2.16
2.16
2.18
2.16
2.17
2.17
2.15
2.16
2.16
2.22
2.16
2.16
2.16
2.21
2.16
2.16
2.17
2.14
2.16
2.16
2.19
2.16
2.16
2.16
2.18
2.15
2.17
2.15
2.16
2.16
2.16
2.17
2.14
2.16
2.16
2.17
2.15
2.16
2.16
2.21
2.15
2.16
2.16
2.14
2.16
2.16
2.16
2.13
2.17
2.16
2.19
2.16
2.15
2.17
2.14
2.17
2.16
2.16
2.16
2.16
2.17
2.17
2.15
2.17
2.16
2.22
2.16
2.16
2.16
2.21
2.17
2.16
2.17
2.15
2.17
2.17
2.20
2.17
2.17
2.16
2.20
2.16
2.17
2.17
2.14
2.17
2.16
2.18
2.15
2.17
2.17
2.17
2.16
2.16
2.17
2.23
2.16
2.17
2.17
2.15
2.17
2.16
2.17
2.15
2.17
2.16
2.20
2.17
2.16
2.17
2.14
2.17
2.17
2.16
2.15
2.16
2.17
2.17
2.15
2.17
2.16
2.23
2.16
2.16
2.17
2.21
2.16
2.16
2.16
2.14
2.15
2.16
2.19
2.15
2.16
2.16
2.20
2.15
2.16
2.16
2.13
2.16
2.15
2.17
2.15
2.15
2.16
2.17
2.15
2.16
2.15
2.22
2.15
2.16
2.16
2.14
2.16
2.15
2.20
2.14
2.16
2.16
2.19
2.16
2.15
2.16
2.14
2.15
2.16
2.17
2.14
2.16
2.15
2.18
2.15
2.16
2.16
2.22
2.16
2.16
2.17
2.22
2.16
2.16
2.15
2.15
2.16
2.15
2.20
2.15
2.16
2.16
2.25
2.15
2.15
2.16
2.13
2.16
2.15
2.18
2.15
2.15
2.16
2.23
2.15
2.16
2.16
2.23
2.16
2.16
2.16
2.14
2.17
2.16
2.20
2.14
2.16
2.17
2.20
2.16
2.17
2.16
2.15
2.17
2.17
2.19
2.14
2.17
2.17
2.19
2.16
2.17
2.17
2.23
2.17
2.16
2.17
2.16
2.17
2.17
2.17
2.16
2.17
2.17
2.21
2.17
2.17
2.17
2.15
2.17
2.17
2.17
2.14
2.17
2.17
2.18
2.17
2.17
2.16
2.16
2.15
2.17
2.17
2.24
2.17
2.17
2.17
2.15
2.17
2.16
2.20
2.16
2.16
2.17
2.20
2.16
2.17
2.16
2.15
2.16
2.16
2.18
2.15
2.17
2.16
2.19
2.16
2.17
2.17
2.23
2.17
2.17
2.17
2.16
2.17
2.17
2.17
2.15
2.17
2.16
2.22
2.16
2.17
2.16
2.14
2.15
2.16
2.17
2.15
2.16
2.17
2.18
2.16
2.16
2.17
2.23
2.16
2.17
2.16
2.23
2.16
2.16
2.17
2.15
2.16
2.16
2.21
2.17
2.17
2.16
2.21
2.16
2.17
2.16
2.14
2.17
2.16
2.19
2.16
2.17
2.16
2.18
2.16
2.16
2.17
2.23
2.16
2.16
2.17
2.15
2.16
2.17
2.17
2.15
2.17
2.16
2.21
2.16
2.16
2.17
2.14
2.17
2.16
2.17
2.14
2.16
2.17
2.18
2.16
2.16
2.16
2.16
2.16
2.17
2.16
2.22
2.17
2.16
2.17
2.15
2.16
2.17
2.21
2.16
2.15
2.15
2.20
2.15
2.16
2.16
2.14
2.16
2.16
2.18
2.15
2.16
2.16
2.18
2.16
2.16
2.17
2.12
2.16
2.17
2.17
2.15
2.17
2.16
2.17
2.14
2.17
2.16
2.21
2.16
2.16
2.16
2.14
2.16
2.16
2.16
2.15
2.16
2.17
2.19
2.15
2.17
2.16
2.15
2.16
2.16
2.16
2.23
2.17
2.16
2.17
2.16
2.17
2.17
2.21
2.16
2.17
2.16
2.22
2.17
2.17
2.17
2.14
2.17
2.16
2.20
2.16
2.17
2.17
2.19
2.16
2.17
2.17
2.18
2.17
2.17
2.17
2.16
2.17
2.16
2.18
2.15
2.17
2.17
2.21
2.17
2.17
2.17
2.07
1.87
1.79
1.74
1.74
1.72
1.71
1.75
1.71
1.73
1.71
1.70
1.72
1.71
1.73
1.71
1.73
1.72
1.73
1.73
1.71
1.72
1.72
1.71
1.72
1.71
1.73
1.72
1.71
1.72
1.71
1.72
1.71
1.70
1.72
1.71
1.72
1.73
1.72
1.72
1.71
1.73
1.71
1.72
1.74
1.71
1.73
1.71
1.75
1.72
1.71
1.72
1.71
1.73
1.71
1.71
1.72
1.71
1.73
1.71
1.72
1.72
1.71
1.72
1.71
1.72
1.72
1.70
1.73
1.71
1.74
1.72
1.70
1.72
1.74
1.73
1.71
1.71
1.71
1.71
1.72
1.72
1.71
1.72
1.71
1.72
1.72
1.72
1.72
1.70
1.72
1.71
1.72
1.71
1.71
1.73
1.71
1.73
1.72
1.70
1.75
1.71
1.73
1.71
1.80
1.72
1.71
1.73
1.71
1.72
1.72
1.72
1.73
1.71
1.72
1.71
1.71
1.73
1.71
1.72
1.72
1.71
1.72
1.71
1.72
1.71
1.73
1.71
1.71
1.72
1.75
1.72
1.71
1.71
1.72
1.71
1.72
1.73
1.70
1.73
1.71
1.74
1.72
1.71
1.72
1.70
1.73
1.71
1.71
1.72
1.71
1.73
1.71
1.72
1.72
1.71
1.71
1.71
1.71
1.72
1.71
1.73
1.71
1.73
1.72
1.71
1.72
1.73
1.73
1.71
1.70
1.72
1.71
1.72
1.71
1.71
1.72
1.71
1.72
1.71
1.71
1.71
1.70
1.72
1.71
1.73
1.70
1.71
1.72
1.71
1.73
1.72
1.71
1.74
1.71
1.72
1.71
1.74
1.72
1.70
1.72
1.71
1.71
1.71
1.71
1.72
1.71
1.72
1.72
1.71
1.73
1.71
1.71
1.72
1.71
1.72
1.71
1.73
1.72
1.72
1.72
1.71
1.72
1.74
1.72
1.71
1.70
1.72
1.71
1.72
1.71
1.70
1.73
1.71
1.74
1.72
1.71
1.72
1.71
1.73
1.72
1.72
1.71
1.71
1.72
1.71
1.72
1.71
1.71
1.76
1.71
1.72
1.71
1.74
1.72
1.71
1.72
1.71
1.71
1.72
1.73
1.73
1.71
1.72
1.73
1.71
1.73
1.72
1.71
1.72
1.71
1.72
1.71
1.71
1.71
1.71
1.72
1.71
1.72
1.71
1.71
1.72
1.71
1.73
1.72
1.71
1.72
1.71
1.73
1.72
1.74
1.72
1.71
1.72
1.71
1.71
1.71
1.71
1.72
1.71
1.72
1.72
1.71
1.72
1.71
1.72
1.72
1.70
1.72
1.71
1.74
1.71
1.72
1.72
1.71
1.72
1.74
1.72
1.72
1.71
1.74
1.71
1.72
1.72
1.70
1.72
1.71
1.73
1.72
1.71
1.72
1.71
1.74
1.72
1.72
1.71
1.71
1.73
1.72
1.72
1.72
1.71
1.72
1.71
1.72
1.71
1.74
1.72
1.71
1.72
1.71
1.71
1.72
1.71
1.73
1.71
1.72
1.73
1.71
1.73
1.71
1.71
1.72
1.71
1.72
1.71
1.72
1.72
1.71
1.72
1.71
1.72
1.75
1.71
1.72
1.71
1.76
1.71
1.71
1.71
1.71
1.73
1.71
1.74
1.72
1.71
1.73
1.73
1.73
1.72
1.71
1.72
1.71
1.72
1.71
1.71
1.72
1.71
1.73
1.71
1.71
1.72
1.70
1.73
1.72
1.71
1.72
1.71
1.73
1.72
1.73
1.72
1.71
1.75
1.72
1.73
1.72
1.71
1.72
1.71
1.73
1.71
1.71
1.72
1.71
1.73
1.72
1.71
1.71
1.71
1.73
1.71
1.72
1.72
1.71
1.73
1.72
1.72
1.71
1.74
1.72
1.71
1.72
1.74
1.71
1.72
1.71
1.72
1.71
1.71
1.73
1.71
1.73
1.72
1.77
1.72
1.71
1.73
1.71
1.72
1.72
1.71
1.73
1.71
1.72
1.75
1.70
1.72
1.71
1.76
1.72
1.71
1.72
1.71
1.73
1.71
1.73
1.72
1.71
1.73
1.72
1.72
1.72
1.71
1.72
1.71
1.72
1.72
1.70
1.72
1.71
1.73
1.71
1.71
1.72
1.75
1.73
1.71
1.71
1.72
1.71
1.72
1.71
1.72
1.72
1.71
1.74
1.71
1.72
1.71
1.71
1.73
1.71
1.73
1.71
1.70
1.72
1.71
1.73
1.71
1.71
1.71
1.71
1.72
1.71
1.72
1.72
1.71
1.73
1.71
1.72
1.72
1.74
1.73
1.71
1.73
1.74
1.71
1.72
1.71
1.72
1.71
1.71
1.72
1.71
1.73
1.71
1.72
1.72
1.71
1.72
1.71
1.72
1.72
1.71
1.73
1.71
1.73
1.72
1.71
1.72
1.71
1.75
1.72
1.71
1.72
1.71
1.73
1.71
1.71
1.71
1.71
1.72
1.72
1.72
1.72
1.71
1.72
1.71
1.73
1.72
1.70
1.72
1.71
1.73
1.72
1.71
1.72
1.74
1.72
1.71
1.72
1.75
1.71
1.73
1.72
1.71
1.72
1.71
1.74
1.71
1.73
1.72
1.72
1.73
1.71
1.73
1.71
1.71
1.72
1.71
1.73
1.71
1.72
1.72
1.71
1.73
1.71
1.75
1.72
1.71
1.72
1.71
1.72
1.72
1.71
1.73
1.71
1.73
1.74
1.71
1.73
1.71
1.72
1.72
1.72
1.72
1.70
1.73
1.71
1.71
1.72
1.71
1.72
1.71
1.71
1.72
1.71
1.73
1.71
1.73
1.72
1.71
1.72
1.71
1.75
1.71
1.71
1.72
1.73
1.73
1.71
1.72
1.71
1.71
1.72
1.72
1.71
1.71
1.70
1.72
1.71
1.73
1.72
1.70
1.73
1.71
1.73
1.72
1.71
1.73
1.71
1.73
1.72
1.72
1.74
1.71
1.72
1.71
1.71
1.72
1.71
1.72
1.71
1.72
1.71
1.71
1.73
1.71
1.73
1.71
1.71
1.72
1.71
1.73
1.72
1.71
1.72
1.71
1.72
1.71
1.75
1.72
1.71
1.72
1.74
1.72
1.72
1.71
1.72
1.71
1.73
1.73
1.71
1.73
1.71
1.74
1.72
1.72
1.73
1.71
1.72
1.71
1.72
1.72
1.71
1.72
1.71
1.72
1.72
1.71
1.75
1.71
1.72
1.71
1.70
1.72
1.71
1.74
1.72
1.72
1.72
1.73
1.74
1.72
1.71
1.72
1.71
1.72
1.71
1.71
1.72
1.71
1.72
1.71
1.72
1.72
1.70
1.72
1.71
1.73
1.71
1.72
1.73
1.71
1.74
1.72
1.72
1.74
1.71
1.72
1.71
1.74
1.72
1.71
1.72
1.70
1.72
1.71
1.71
1.72
1.71
1.72
1.72
1.72
1.72
1.71
1.73
1.72
1.72
1.72
1.71
1.61
1.41
1.26
1.13
1.02
0.92
0.84
0.76
0.69
0.64
0.59
0.54
0.50
0.46
0.43
0.40
0.36
0.34
0.31
0.29
0.27
0.24
0.23
0.22
0.20
0.19
0.17
0.16
0.15
0.14
0.13
0.12
0.11
0.10
0.10
0.09
0.09
0.08
0.07
0.07
0.06
0.05
0.05
0.05
0.04
0.04
0.03
0.03
0.03
0.03
0.02
0.02
0.02
0.02
0.02
0.02
0.01
0.01
0.00
0.01
0.00
0.01
0.00
0.00
0.00
0.00
0.01
0.00
0.00
0.00
0.00
0.00
0.00
0.00
0.00
0.00
0.00
0.00
0.00
0.00
0.00
0.00
0.00
0.00
0.00
0.00
0.00
0.00
0.00
0.00
0.00
0.00
0.00
0.00
0.00
0.00
0.00
0.00
0.00
0.00
0.00
0.00
0.00
0.00
0.00
0.00
0.00
0.00
0.00
0.00
0.00
0.00
0.00
0.00
0.00
0.00
0.00
0.00
0.00
0.00
0.00
0.00
0.00
0.00
0.00
0.00
0.00
0.00
0.00
0.00
0.00
0.00
0.00
0.00
0.00
0.00
0.00
0.00
0.00
0.00
0.00
0.00
0.00
0.00
0.00
0.00
0.00
0.00
0.00
0.00
0.00
0.00
0.00
0.00
0.00
0.00
0.00
0.00
0.00
0.00
0.00
0.00
0.00
0.00
0.00
0.00
0.00
0.00
0.00
0.00
0.00
0.00
0.00
0.00
0.00
0.00
0.00
0.00
0.00
0.00
0.00
0.00
0.00
0.00
0.00
0.00
0.00
0.00
0.00
0.00
0.00
0.00
0.00
0.00
0.00
0.00
0.00
0.00
0.00
0.00
0.00
0.00
0.00
0.00
0.00
0.00
0.00
0.00
0.00
0.00
0.00
0.00
0.00
0.00
0.00
0.00
0.00
0.00
0.00
0.00
0.00
0.00
0.00
0.00
0.00
0.00
0.00
0.00
0.00
0.00
0.00
0.00
0.00
0.00
0.00
0.00
0.00
0.00
0.00
0.00
0.00
0.00
0.00
0.00
0.00
0.00
0.00
0.00
0.00
0.00
0.00
0.00
0.00
0.00
0.00
0.00
0.00
0.00
0.00
0.00
0.00
0.00
0.00
0.00
0.00
0.00
0.00
0.00
0.00
0.00
0.00
0.00
0.00
0.00
0.00
0.00
0.00
0.00
0.00
0.00
0.00
0.00
0.00
0.00
0.00
0.00
0.00
0.00
0.00
0.00
0.00
0.00
0.00
0.00
0.00
0.00
0.00
0.00
0.00
0.00
0.00
0.00
0.00
0.00
0.00
0.00
0.00
0.00
0.00
0.00
0.00
0.00
0.00
0.00
0.00
0.00
0.00
0.00
0.00
0.00
0.00
0.00
0.00
0.00
0.00
0.00
0.00
0.00
0.00
0.00
0.00
0.00
0.00
0.00
0.00
0.00
0.00
0.00
0.00
0.00
0.00
0.00
0.00
0.00
0.00
0.00
0.00
0.00
0.00
0.00
0.00
0.00
0.00
0.00
0.00
0.00
0.00
0.00
0.00
0.00
0.00
0.00
0.00
0.00
0.00
0.00
0.00
0.00
0.00
0.00
0.00
0.00
0.00
0.00
0.00
0.00
0.00
0.00
0.00
0.00
0.00
0.00
0.00
0.00
0.00
0.00
0.00
0.00
0.00
0.00
0.00
0.00
0.00
0.00
0.00
0.00
0.00
0.00
0.00
0.00
0.00
0.00
0.00
0.00
0.00
0.00
0.00
0.00
0.00
0.00
0.00
0.00
0.00
0.00
0.00
0.00
0.00
0.00
0.00
0.00
0.00
0.00
0.00
0.00
0.00
0.00
0.00
0.00
0.00
0.00
0.00
0.00
0.00
0.00
0.00
0.00
0.00
0.00
0.00
0.00
0.00
0.00